id,task,sid,eye,stimfile,trialid,start_ms,end_ms,duration_ms,start_x,end_y,start_y,ampl_x,ampl_y,avg_vel_x,avg_vel_y,peak_vel_x,peak_vel_y,end_x,avg_vel,peak_vel,ampl
0,T4_Meaningful_Text,1300,b,s7_stimuli_t4.jpg,158,991210.802,991254.741,43.93900000001304,176.385,287.70500000000004,189.195,274.755,98.51000000000005,165.63714511569404,63.21838051528616,522.3257977484957,178.42213060894127,451.14,185.4005518379449,526.811421390455,291.88102049465294
1,T4_Meaningful_Text,1300,b,s7_stimuli_t4.jpg,158,991362.683,991382.702,20.019000000087544,469.075,244.55,320.04499999999996,52.46999999999997,75.49499999999995,68.950155553295,99.208750720605,89.15837168646586,159.26300145025243,416.605,123.6196658953057,182.5210094009046,91.9380004405142
2,T4_Meaningful_Text,1300,b,s7_stimuli_t4.jpg,158,991474.793,991498.817,24.0240000000922,408.44,230.765,240.77,80.49000000000001,10.005000000000024,88.1399820335994,11.799084437979515,219.87361153826987,34.19818162428478,327.95,89.048719334902,222.5172368093977,81.10943302107346
3,T4_Meaningful_Text,1300,b,s7_stimuli_t4.jpg,158,992174.832,992218.826,43.993999999947846,309.27,206.55,202.86,37.825000000000045,3.6899999999999977,22.7973545907556,3.9285565548528,72.08201396133552,12.4630854431324,347.095,23.84932823320969,72.08228399474771,38.00456189722496
4,T4_Meaningful_Text,1300,b,s7_stimuli_t4.jpg,158,992310.814,992338.814,28.0,355.85,230.575,228.10500000000002,32.379999999999995,2.4699999999999704,35.63633875475019,5.637474631938458,95.36397832475926,12.203063165414013,323.47,37.64796200061024,95.4151334453773,32.474071195339825
5,T4_Meaningful_Text,1300,b,s7_stimuli_t4.jpg,158,992682.766,992750.721,67.9550000000745,287.66499999999996,227.83,218.315,75.34000000000003,9.515000000000015,36.65542613972174,6.715104590849776,235.83136279457406,12.669892645440152,363.005,38.83665003646831,235.87074335605448,75.93846736009363
6,T4_Meaningful_Text,1300,b,s7_stimuli_t4.jpg,158,993386.714,993418.714,32.0,379.565,222.03,231.81,26.13499999999999,9.780000000000001,22.661276401051584,8.393674299101662,79.6124798359457,12.923463269527744,405.7,27.08373547635445,80.51218501420598,27.90495699692081
7,T4_Meaningful_Text,1300,b,s7_stimuli_t4.jpg,158,993794.719,993826.718,31.998999999952503,397.38,219.38,230.655,47.825000000000045,11.275000000000006,39.31767231673089,11.571786948745913,96.74511180394494,29.793022193873263,445.20500000000004,43.31779125537443,96.75642833517836,49.13609925502842
8,T4_Meaningful_Text,1300,b,s7_stimuli_t4.jpg,158,994874.68,994898.684,24.00399999995716,453.815,214.625,226.925,14.300000000000011,12.300000000000011,16.62447585341051,13.479899029985758,32.28414507193935,20.646072409132252,468.115,22.821635288660733,33.5980395401893,18.86213137479433
9,T4_Meaningful_Text,1300,b,s7_stimuli_t4.jpg,158,995298.572,995306.57,7.997999999905005,492.75,210.435,213.915,9.524999999999977,3.4799999999999898,31.32996675217489,11.446539033865466,37.85909893097465,12.795125529234666,502.275,33.544788743184206,39.18264944251536,10.14080987890018
10,T4_Meaningful_Text,1300,b,s7_stimuli_t4.jpg,158,995854.437,995878.437,24.0,523.2,228.005,208.825,6.154999999999973,19.180000000000007,6.779611562513,21.023920738722797,14.830742836022877,53.568248514149325,529.355,23.16991101317345,53.70156715309573,20.14339656065977
11,T4_Meaningful_Text,1300,b,s7_stimuli_t4.jpg,158,996434.44,996458.444,24.004000000073574,515.855,222.22000000000003,229.62,42.815000000000055,7.399999999999977,47.447474327081004,12.93177402589815,126.90101830721629,22.914510300551704,558.6700000000001,51.80104406796848,128.95325986466003,43.44978970029664
12,T4_Meaningful_Text,1300,b,s7_stimuli_t4.jpg,158,996958.427,996966.426,7.9989999999525025,595.38,223.69,214.74,3.0400000000000773,8.949999999999989,9.998510730603513,29.435889353930023,13.880573196240036,36.740758910424475,598.4200000000001,31.1180202038949,39.27535712848596,9.45220080192969
13,T4_Meaningful_Text,1300,b,s7_stimuli_t4.jpg,158,997054.407,997086.374,31.966999999945983,604.5999999999999,235.79000000000002,237.115,46.500000000000114,1.3249999999999886,38.26705647106556,11.146567139556208,113.95881845872707,36.70250796799029,651.1,42.24838226045425,114.18452644756852,46.51887385782259
14,T4_Meaningful_Text,1300,b,s7_stimuli_t4.jpg,158,997882.35,997890.347,7.996999999973923,703.71,233.71,226.29000000000002,2.919999999999959,7.4199999999999875,9.60563677149694,24.409092236940158,10.657122548771357,25.09686575528555,706.63,26.24120392492598,27.265856519800646,7.973882366827314
15,T4_Meaningful_Text,1300,b,s7_stimuli_t4.jpg,158,998002.311,998010.309,7.99800000002142,703.0150000000001,243.475,248.74,2.3200000000001637,5.265000000000015,7.63102602247987,17.317824141590677,8.552011921853984,23.45224807800621,700.6949999999999,19.00242155312957,24.96286938282293,5.7534880724653386
16,T4_Meaningful_Text,1300,b,s7_stimuli_t4.jpg,158,998166.281,998178.282,12.001000000047497,707.21,229.885,247.88,32.89499999999998,17.995000000000005,72.10757224250295,39.44473776493033,87.91018729365214,63.08887412734401,740.105,82.75021292206041,108.20539297401426,37.495347044666744
17,T4_Meaningful_Text,1300,b,s7_stimuli_t4.jpg,158,998730.061,998738.065,8.00399999995716,756.0999999999999,222.475,216.5,0.5649999999998272,5.974999999999994,2.6458495769993684,19.63844872368939,4.502874435389515,20.18076571773267,755.5350000000001,19.908008347398717,20.196176603275756,6.001653938707207
18,T4_Meaningful_Text,1300,b,s7_stimuli_t4.jpg,158,999982.111,999998.083,15.97199999995064,794.845,221.055,209.86,9.11999999999989,11.194999999999993,15.021451027766537,18.439160554121127,30.80056296307382,46.97497623963858,803.9649999999999,29.56095183181925,47.394473759694115,14.439613048831948
19,T4_Meaningful_Text,1300,b,s7_stimuli_t4.jpg,158,1001142.06,1001158.066,16.00599999993574,838.8199999999999,241.10500000000002,218.98000000000002,0.39000000000010004,22.125,8.119413640098191,36.363844833310324,9.13950339103704,48.09745849312378,839.21,37.47959609321494,48.95810490340228,22.128437021172555
20,T4_Meaningful_Text,1300,b,s7_stimuli_t4.jpg,158,1001226.093,1001238.098,12.005000000004657,844.075,227.215,237.065,0.8700000000001182,9.849999999999994,1.906381169103123,21.58500197823645,4.272800559129674,24.552169366687753,843.2049999999999,21.717083169300206,24.921192692738835,9.888346676770595
21,T4_Meaningful_Text,1300,b,s7_stimuli_t4.jpg,158,1001534.101,1001558.085,23.983999999938533,842.9449999999999,218.465,204.47,14.335000000000036,13.995000000000005,15.723733824309456,15.350586198541071,41.53092082738962,27.24849639071238,857.28,23.987716379425724,42.885990651769944,20.033777726629623
22,T4_Meaningful_Text,1300,b,s7_stimuli_t4.jpg,158,1001689.999,1001697.994,7.994999999995343,866.78,242.655,238.385,0.4149999999999636,4.27000000000001,2.4186659857520567,14.049745635897889,3.784513387599228,18.5230269605671,866.365,14.425034406628114,18.55292307838609,4.2901194622061585
23,T4_Meaningful_Text,1300,b,s7_stimuli_t4.jpg,158,1001861.961,1001873.96,11.998999999952503,864.9,232.64499999999998,244.365,0.24500000000000455,11.720000000000027,1.0413938414797688,25.69594241331224,1.9072795664949462,29.701795251668333,864.655,25.722503350755062,29.71142827151941,11.722560513812699
24,T4_Meaningful_Text,1300,b,s7_stimuli_t4.jpg,158,1001965.95,1001977.95,12.0,861.995,225.235,212.59,2.590000000000032,12.64500000000001,5.6779931922098745,27.721321975093833,7.530465874610181,30.253400020268604,864.585,28.34183908329055,30.501231999220487,12.907522031745692
25,T4_Meaningful_Text,1300,b,s7_stimuli_t4.jpg,158,1002713.978,1002737.975,23.996999999973923,896.865,225.66,226.02,24.34999999999991,0.36000000000001364,26.69450081667617,1.9513087227497274,50.42397798392287,2.9266876106565474,921.2149999999999,26.99896354080698,50.43068260046858,24.352661045561234
26,T4_Meaningful_Text,1300,b,s7_stimuli_t4.jpg,158,1003069.735,1003081.716,11.981000000028871,937.28,206.185,204.33499999999998,51.450000000000045,1.8500000000000227,112.97103909251557,10.978709604948527,170.8920910792521,17.290103645016863,988.73,113.97955913293414,170.97331078301437,51.483249703180206
27,T4_Meaningful_Text,1300,b,s7_stimuli_t4.jpg,158,1003213.701,1003241.726,28.025000000023283,1008.0250000000001,219.01,219.97000000000003,38.895000000000095,0.9600000000000364,39.822734234964955,6.890061355957504,103.54723196901698,13.8303885335307,969.13,42.538371613558006,103.56537049817274,38.90684547737079
28,T4_Meaningful_Text,1300,b,s7_stimuli_t4.jpg,158,1003613.862,1003637.853,23.991000000038184,943.9449999999999,228.685,213.1,11.875,15.585000000000008,14.764684775944943,17.090704003468108,32.99103060526604,30.696241836961267,932.0699999999999,25.42777330435746,40.05249460670151,19.593566546190623
29,T4_Meaningful_Text,1300,b,s7_stimuli_t4.jpg,158,1004449.665,1004465.645,15.979999999981374,955.45,226.10500000000002,234.44,5.724999999999909,8.33499999999998,9.424863422551889,13.721613384623765,10.404390712755657,18.86618948863698,961.175,16.737784112234554,21.544940285942605,10.111767896861489
30,T4_Meaningful_Text,1300,b,s7_stimuli_t4.jpg,158,1004725.617,1004745.623,20.006000000052154,968.71,221.665,200.425,24.79499999999996,21.23999999999998,32.605441798660124,27.929673914305702,71.34072790846054,36.689517210065816,993.505,46.11323685255324,73.10086627265258,32.64857768724385
31,T4_Meaningful_Text,1300,b,s7_stimuli_t4.jpg,158,1005173.706,1005205.695,31.98899999994319,1022.175,202.44,237.45999999999998,0.6150000000000091,35.01999999999998,1.533731448886145,28.799695922719177,3.683943597105779,42.59559784153968,1022.79,28.850527489344643,42.75460672143806,35.02539971220883
32,T4_Meaningful_Text,1300,b,s7_stimuli_t4.jpg,158,1005453.664,1005477.661,23.996999999973923,1010.155,218.19,220.51999999999998,47.2650000000001,2.329999999999984,51.814318581827514,2.7405977499473972,152.45082879778948,5.952027612683259,1057.42,51.9592621384462,152.56697491211872,47.3223955965884
33,T4_Meaningful_Text,1300,b,s7_stimuli_t4.jpg,158,1006173.459,1006201.489,28.029999999911524,1066.005,254.685,256.435,58.69999999999982,1.75,64.4953432740952,1.7832368040369642,163.66507285997523,3.8435996637126393,1124.705,64.52659131303211,163.71019923216724,58.72608023697801
34,T4_Meaningful_Text,1300,b,s7_stimuli_t4.jpg,158,1007189.552,1007205.55,15.99800000002142,1142.865,209.51,222.845,4.819999999999936,13.335000000000008,7.92606221066189,21.92809453376684,13.58114587866435,24.268488277128377,1147.685,23.820096590107106,25.714149473432887,14.17937322310121
35,T4_Meaningful_Text,1300,b,s7_stimuli_t4.jpg,158,1007473.324,1007489.315,15.990999999921769,1173.26,208.085,201.11,1.2999999999999545,6.974999999999994,2.3359659270416593,11.474882147056045,6.448513826602018,13.357635783675368,1171.96,11.896199706577365,14.83272612506555,7.0951127545656245
36,T4_Meaningful_Text,1300,b,s7_stimuli_t4.jpg,158,1008469.417,1008581.42,112.00300000002608,1187.275,196.76,251.885,66.08999999999992,55.125,660.8011185892113,224.9365914300193,9305.288163625442,2878.874084972198,1253.365,718.7216138715648,9740.446797002296,86.06191797188806
37,T4_Meaningful_Text,1300,b,s7_stimuli_t4.jpg,158,1008733.426,1008749.418,15.991999999969266,1237.165,197.0,185.005,6.4650000000001455,11.995000000000005,11.342475212541515,19.732123303020252,20.52996238613406,29.478920349321854,1230.6999999999998,23.002840708137303,35.92333643382448,13.626307276735028
38,T4_Meaningful_Text,1300,b,s7_stimuli_t4.jpg,158,1008897.34,1009045.321,147.98100000002887,1230.7350000000001,204.17000000000002,236.735,68.46499999999969,32.565,1007.688164607131,244.5183432154558,9758.66167023353,2538.753523657376,1299.1999999999998,1040.8403111546477,10083.488833135474,75.8151399787665
39,T4_Meaningful_Text,1300,b,s7_stimuli_t4.jpg,158,1009177.315,1009193.315,16.0,1272.7150000000001,223.465,215.56,3.535000000000082,7.905000000000001,5.8122700582419276,12.997452563055552,12.035591747193278,24.794634364437474,1269.18,14.918849681365812,25.171722528974506,8.659402404323327
40,T4_Meaningful_Text,1300,b,s7_stimuli_t4.jpg,158,1010057.333,1010081.325,23.991999999969266,1268.35,225.74,250.305,13.190000000000055,24.564999999999998,14.46291374959459,26.935919639257232,20.623505673085194,39.51359747831058,1281.54,31.08100203000812,42.67575660433143,27.882168584957686
41,T4_Meaningful_Text,1300,b,s7_stimuli_t4.jpg,158,1011237.189,1011261.193,24.00399999995716,1322.505,220.125,217.235,25.284999999999854,2.8899999999999864,34.51747149100775,4.679832575665174,62.01947004154926,7.300276961412509,1347.79,34.96861485326562,62.44764773750855,25.44962327815468
42,T4_Meaningful_Text,1300,b,s7_stimuli_t4.jpg,158,1011397.216,1011425.22,28.00399999995716,1359.025,226.44,226.265,49.215000000000146,0.17500000000001137,46.23179630878378,4.241316643343049,88.50195370284142,8.18610195815967,1309.81,46.57469914403164,88.63923727233374,49.21531113383328
43,T4_Meaningful_Text,1300,b,s7_stimuli_t4.jpg,158,1011777.054,1011836.969,59.91500000003725,1304.01,212.69,200.51,14.879999999999882,12.180000000000007,6.5334239021151665,9.809177254576515,11.161672315266449,27.960567609613715,1318.8899999999999,13.463866765393771,28.224823636222368,19.22932136088002
44,T4_Meaningful_Text,1300,b,s7_stimuli_t4.jpg,158,1012468.993,1012480.993,12.0,1351.57,215.03,220.135,7.100000000000136,5.10499999999999,15.565155082892042,12.572699211321677,18.941259143123823,19.99355131774258,1358.67,21.588774194104488,22.891346847815182,8.744771294893985
45,T4_Meaningful_Text,1300,b,s7_stimuli_t4.jpg,158,1013512.884,1013580.904,68.02000000001863,1356.175,240.89499999999998,246.52999999999997,924.425,5.634999999999991,357.53227822666844,25.56238728912693,581.3447426752617,96.30235106344789,431.75,359.9094825870093,581.5588809778112,924.4421744219592
46,T4_Meaningful_Text,1300,b,s7_stimuli_t4.jpg,158,1013708.941,1013740.947,32.006000000052154,394.70000000000005,309.36,279.89,101.26000000000005,29.470000000000027,83.22812018436039,24.22259453210681,280.990415407197,45.96052424835518,293.44,90.65279206837815,281.04730686121934,105.46121799031155
47,T4_Meaningful_Text,1300,b,s7_stimuli_t4.jpg,158,1013988.966,1014020.951,31.98499999998603,299.87,323.655,321.4,21.835000000000036,2.2549999999999955,17.9589741060356,5.613209093849418,23.49101465336571,14.472635559638812,321.70500000000004,19.15310487418622,25.675546604273958,21.95113322815024
48,T4_Meaningful_Text,1300,b,s7_stimuli_t4.jpg,158,1014932.741,1015000.783,68.04200000001583,335.06,372.13,323.28999999999996,24.46999999999997,48.84000000000003,22.3476989382322,43.27067685497782,71.7830493912801,437.27183566922804,310.59000000000003,53.793880339527504,443.12466016849856,54.62715899623558
49,T4_Meaningful_Text,1300,b,s7_stimuli_t4.jpg,158,1015076.793,1015152.794,76.0010000000475,247.815,299.66499999999996,343.33500000000004,93.44999999999999,43.67000000000007,38.46008495023228,43.15857143547398,120.15861268919656,264.42095602200584,341.265,62.63720592975841,280.6296161426675,103.15023703317411
50,T4_Meaningful_Text,1300,b,s7_stimuli_t4.jpg,158,1015856.782,1015880.769,23.98699999996461,372.68,314.315,315.26,25.859999999999957,0.9449999999999932,31.389152871514213,14.230554781992163,74.51981539197952,25.27396766674746,398.53999999999996,35.97392714693517,76.3424000896797,25.877260770800252
51,T4_Meaningful_Text,1300,b,s7_stimuli_t4.jpg,158,1016568.663,1016680.645,111.98200000007637,405.09000000000003,319.525,319.17,2.625,0.35499999999996135,4.532796858689887,8.472189228068142,12.762233175688731,25.846926539055488,407.71500000000003,10.228878794557732,27.46011952185017,2.6488959964483265
52,T4_Meaningful_Text,1300,b,s7_stimuli_t4.jpg,158,1017648.554,1017768.581,120.02700000000186,428.755,296.305,325.645,21.295000000000016,29.339999999999975,329.9991719217653,408.59470725260167,2544.4753623568613,3157.2711334195815,407.46,532.8140087076584,3775.019265735144,36.2534498358432
53,T4_Meaningful_Text,1300,b,s7_stimuli_t4.jpg,158,1017968.617,1018020.598,51.98100000002887,424.365,330.705,302.07,46.26999999999998,28.63499999999999,24.97603537079735,14.492336544334144,80.21161586121247,30.16983254588732,470.635,31.89746114004277,81.20047292248476,54.41393318810907
54,T4_Meaningful_Text,1300,b,s7_stimuli_t4.jpg,158,1018260.551,1018360.541,99.98999999999069,481.96000000000004,294.91499999999996,315.4,23.93500000000006,20.485000000000014,491.4756954906274,416.7996819837765,3052.370757262346,2778.8076759921146,458.025,648.1536606214503,4127.800787337369,31.50427669380783
55,T4_Meaningful_Text,1300,b,s7_stimuli_t4.jpg,158,1018900.512,1018920.51,19.99800000002142,515.13,343.52,330.55,4.669999999999959,12.96999999999997,7.603452362504579,17.061434824183685,20.190856100483842,29.431296758847893,519.8,21.018332967106726,29.46216226304034,13.785129669321172
56,T4_Meaningful_Text,1300,b,s7_stimuli_t4.jpg,158,1020956.257,1020980.261,24.004000000073574,578.2,330.865,339.655,26.93999999999994,8.789999999999964,29.524747907165295,10.323482768817863,73.34615851078759,21.56659792993093,605.14,33.424657292089286,74.62241709210268,28.337743382280745
57,T4_Meaningful_Text,1300,b,s7_stimuli_t4.jpg,158,1022036.111,1022060.076,23.964999999967404,620.59,323.03499999999997,323.88,29.629999999999995,0.8450000000000273,32.80895764624812,3.858387768192094,91.46644746847073,7.770367747501464,650.22,33.41493756710616,91.79591291247083,29.642046572394417
58,T4_Meaningful_Text,1300,b,s7_stimuli_t4.jpg,158,1022336.074,1022352.076,16.00199999997858,660.15,302.72,312.365,0.67999999999995,9.644999999999982,6.477503853274979,15.856214431181773,11.31214087714329,24.295298583357916,659.47,18.51914894420576,24.342320352221588,9.668941255380528
59,T4_Meaningful_Text,1300,b,s7_stimuli_t4.jpg,158,1022792.127,1022824.13,32.00300000002608,677.9300000000001,304.85,273.85,35.72499999999991,31.0,29.36644491390848,25.483267589514035,65.85045069154185,39.691145461374106,713.655,41.585537820234876,70.04299717146019,47.29984804415331
60,T4_Meaningful_Text,1300,b,s7_stimuli_t4.jpg,158,1023360.073,1023388.086,28.01300000003539,724.01,319.07,335.40999999999997,5.970000000000027,16.339999999999975,5.728694276865449,15.34473857888474,15.414949709473541,21.462605885471724,718.04,16.861826786892912,26.42468781160307,17.396450787445108
61,T4_Meaningful_Text,1300,b,s7_stimuli_t4.jpg,158,1025175.854,1025183.855,8.000999999931082,734.97,291.675,291.625,28.894999999999982,0.05000000000001137,95.00863492674326,2.268741994246416,109.53703855164574,2.433425653804232,763.865,95.0358978986948,109.56406516316066,28.8950432600472
62,T4_Meaningful_Text,1300,b,s7_stimuli_t4.jpg,158,1025235.866,1025271.875,36.008999999961816,784.6800000000001,337.37,304.805,2.419999999999959,32.565,5.209005529881539,23.791201273585745,10.454539850179481,45.40163375188223,787.1,24.831591321500216,45.520507498220056,32.65479482403771
63,T4_Meaningful_Text,1300,b,s7_stimuli_t4.jpg,158,1025591.741,1025623.742,32.00099999993108,781.73,319.655,346.99,1.9600000000000364,27.335000000000036,2.1290354014506496,22.473368755430936,4.961782362318388,35.66422952975988,783.69,22.653909183391637,35.666414741239954,27.405178798905915
64,T4_Meaningful_Text,1300,b,s7_stimuli_t4.jpg,158,1026895.773,1026935.78,40.006999999983236,823.14,323.17,335.165,42.875000000000114,11.995000000000005,32.65397227869441,17.407765818317966,99.65485611463521,40.32866373768356,866.0150000000001,38.62790623769364,107.50577410583955,44.521294343269155
65,T4_Meaningful_Text,1300,b,s7_stimuli_t4.jpg,158,1027535.786,1027567.79,32.004000000073574,866.23,317.64,334.53999999999996,44.639999999999986,16.899999999999977,36.69482667006773,14.385201292016609,87.57043940649483,32.777283744117575,910.87,40.456256432219305,89.08852316776897,47.731955752933466
66,T4_Meaningful_Text,1300,b,s7_stimuli_t4.jpg,158,1027675.792,1027699.782,23.989999999990687,918.9300000000001,336.02,318.825,4.204999999999927,17.194999999999993,5.8504908547702215,18.856437063556314,11.087495711742301,26.7810727280668,923.135,20.023122034598003,28.985486327193257,17.70169624640529
67,T4_Meaningful_Text,1300,b,s7_stimuli_t4.jpg,158,1029495.291,1029507.282,11.991000000038184,925.795,336.4,335.08500000000004,2.6399999999999864,1.3149999999999409,5.791950923532508,2.885005857788523,10.004278867796103,5.85776854776173,928.435,7.218791527608729,10.013422040425613,2.949377052870618
68,T4_Meaningful_Text,1300,b,s7_stimuli_t4.jpg,158,1030215.519,1030239.52,24.001000000047497,944.63,357.175,359.51,40.09000000000003,2.3349999999999795,45.1816295225785,3.403433531475819,128.90579139070923,7.300276961412695,984.72,46.5331770146339,128.930657615991,40.15794224060793
69,T4_Meaningful_Text,1300,b,s7_stimuli_t4.jpg,158,1030679.572,1030739.524,59.95199999993201,996.0450000000001,368.475,332.95500000000004,2.32000000000005,35.51999999999998,9.562605022227238,15.59308686359387,38.59632007694414,38.48563564514367,993.725,20.068042175462743,40.092116762372285,35.59568513176841
70,T4_Meaningful_Text,1300,b,s7_stimuli_t4.jpg,158,1031007.274,1031027.302,20.02800000004936,980.49,336.595,357.695,4.559999999999945,21.099999999999966,5.989778642716525,27.71505241941036,10.542627592134824,34.18110814288279,985.05,28.542691437165296,34.30861408709201,21.587116528151647
71,T4_Meaningful_Text,1300,b,s7_stimuli_t4.jpg,158,1031539.395,1031707.34,167.94499999994878,996.6500000000001,356.265,376.78499999999997,8.99499999999989,20.519999999999982,321.48406317846025,137.09845591349978,6742.941123519128,2472.88003191104,1005.645,359.8925005294589,7154.7434573206,22.404919660645902
72,T4_Meaningful_Text,1300,b,s7_stimuli_t4.jpg,158,1032575.219,1032615.223,40.00399999995716,1057.315,347.57,372.20000000000005,21.089999999999918,24.630000000000052,17.3812807055027,19.386788564105903,55.57418047201668,39.29653589589196,1078.405,28.20886095195247,56.060219026985926,32.42568426417551
73,T4_Meaningful_Text,1300,b,s7_stimuli_t4.jpg,158,1032863.239,1032883.241,20.002000000094995,1074.165,338.33500000000004,334.615,13.985000000000127,3.7200000000000273,18.392841269463663,4.8925027375087415,34.22382384917523,9.435386594344502,1060.1799999999998,19.4371348654099,34.42133051798177,14.471303500376315
74,T4_Meaningful_Text,1300,b,s7_stimuli_t4.jpg,158,1032995.23,1033023.222,27.991999999969266,1054.185,354.375,348.105,49.059999999999945,6.269999999999982,49.65966974499672,7.245774360990909,93.87477701911372,14.702882034879051,1103.245,51.24189181179489,93.90300902689425,49.45903860772058
75,T4_Meaningful_Text,1300,b,s7_stimuli_t4.jpg,158,1033539.208,1033699.204,159.99600000004284,1113.2350000000001,351.095,379.21000000000004,26.940000000000055,28.11500000000001,396.7653798772285,148.66212613834776,7738.984145836955,2694.0652718049064,1086.295,430.3141444354575,8194.502016490142,38.938628956346214
76,T4_Meaningful_Text,1300,b,s7_stimuli_t4.jpg,158,1034919.093,1035007.105,88.01199999998789,1133.3899999999999,303.76,349.32500000000005,32.830000000000155,45.565000000000055,1410.810697212591,422.4384085383941,7939.2485003189495,2374.464407895135,1166.22,1476.2389027989286,8286.721183566964,56.16028957368378
77,T4_Meaningful_Text,1300,b,s7_stimuli_t4.jpg,158,1035754.994,1035790.997,36.00300000002608,1212.3600000000001,365.41499999999996,323.91999999999996,11.730000000000018,41.495000000000005,8.571119976566997,30.320141773418147,14.403249140083195,49.622152859331365,1200.63,31.949147142078417,50.37018028290222,43.12108445992518
78,T4_Meaningful_Text,1300,b,s7_stimuli_t4.jpg,158,1035906.999,1035922.998,15.999000000068918,1191.44,335.59000000000003,354.64,6.944999999999936,19.049999999999955,11.419684482785682,31.32367197753706,17.62589392485098,40.48036459233729,1198.385,33.41569715720736,44.15124068674235,20.276477134847596
79,T4_Meaningful_Text,1300,b,s7_stimuli_t4.jpg,158,1036334.968,1036346.97,12.00199999997858,1219.79,341.635,324.33,3.5900000000001455,17.305000000000007,9.534222543087516,37.933185545196864,19.82417462214375,64.1240543907864,1216.1999999999998,40.55196662543786,64.17273815052528,17.673458207153498
80,T4_Meaningful_Text,1300,b,s7_stimuli_t4.jpg,158,1036914.726,1036938.74,24.013999999966472,1232.9850000000001,333.305,352.265,8.875,18.95999999999998,9.722626751598272,20.770784525688935,11.993712332409745,27.181585095382978,1241.8600000000001,23.056220330600336,29.67159413961347,20.9343551369513
81,T4_Meaningful_Text,1300,b,s7_stimuli_t4.jpg,158,1037134.842,1037214.835,79.99300000001676,1245.05,378.51,338.74,22.470000000000027,39.76999999999998,8.257871639028677,13.079380426093186,15.850150880184664,29.833364664981907,1222.58,16.219633187920657,31.613864091317918,45.678811280505094
82,T4_Meaningful_Text,1300,b,s7_stimuli_t4.jpg,158,1037734.888,1037838.88,103.99199999996927,1215.105,337.96500000000003,359.255,7.420000000000073,21.289999999999964,708.6022372562807,300.51882929004745,8987.791884064905,3401.5673385832497,1222.525,788.5671906951652,9609.94606177263,22.545964162128875
83,T4_Meaningful_Text,1300,b,s7_stimuli_t4.jpg,158,1037998.867,1038010.866,11.999000000068918,1204.335,334.095,324.32000000000005,2.8299999999999272,9.774999999999977,8.396688746233545,21.431714655763965,21.012959361903434,26.675698724697767,1207.165,24.788202149679293,27.342220138272726,10.176420048327365
84,T4_Meaningful_Text,1300,b,s7_stimuli_t4.jpg,158,1038102.803,1038110.793,7.989999999990687,1217.67,327.235,336.37,1.7950000000000728,9.134999999999991,5.910089028290513,30.07724973450228,10.569017148084676,35.16420658615032,1219.4650000000001,30.86989224346494,36.718190972731286,9.309685816395744
85,T4_Meaningful_Text,1300,b,s7_stimuli_t4.jpg,158,1038194.672,1038210.649,15.976999999955297,1227.97,334.875,327.655,9.839999999999918,7.220000000000027,16.202355289178204,11.888761413012885,22.328933850135225,23.05347152668915,1218.13,20.50649576350608,32.09429600903535,12.204671236866595
86,T4_Meaningful_Text,1300,b,s7_stimuli_t4.jpg,158,1038334.571,1038374.602,40.03099999995902,1223.005,318.745,353.28,29.22499999999991,34.53499999999997,19.22573392122907,22.91857058737729,44.85319817593183,44.88605766046959,1252.23,32.37036739005352,57.5840902986712,45.24120743304706
87,T4_Meaningful_Text,1300,b,s7_stimuli_t4.jpg,158,1038494.704,1038602.734,108.03000000002794,1271.54,323.96000000000004,280.63,35.50999999999999,43.33000000000004,689.4832003596842,219.01828553064786,9423.748521955651,2891.5021664458723,1307.05,739.0139920617892,9857.37393952479,56.021861804120746
88,T4_Meaningful_Text,1300,b,s7_stimuli_t4.jpg,158,1039034.729,1039058.739,24.009999999892898,1271.46,332.61,355.505,50.309999999999945,22.894999999999982,55.123051182581015,25.085302135556336,97.32124965831582,38.35660194233587,1321.77,62.648449658413675,98.86219603147512,55.27456128274555
89,T4_Meaningful_Text,1300,b,s7_stimuli_t4.jpg,158,1039814.618,1039850.604,35.98600000003353,1321.3200000000002,323.725,325.88,23.324999999999818,2.1549999999999727,17.051733575956117,2.927771406924965,32.47287319729936,8.124411325524436,1344.645,17.533303666735023,33.069077310909165,23.424338838054563
90,T4_Meaningful_Text,1300,b,s7_stimuli_t4.jpg,158,1040298.524,1040482.518,183.99400000006426,1352.56,303.905,323.71000000000004,36.7800000000002,19.805000000000064,419.7002396053823,142.5429588457646,9741.989416091925,2673.918096703849,1389.3400000000001,456.73760312297685,10085.449745298643,41.77327405171897
91,T4_Meaningful_Text,1300,b,s7_stimuli_t4.jpg,158,1040590.559,1040598.562,8.003000000026077,1371.33,309.56,308.57,1.0499999999997272,0.9900000000000091,5.3256635357355595,4.766004950266103,8.77786836477403,8.019717972518997,1370.2800000000002,8.571412766756186,8.907188103146503,1.443121616496491
92,T4_Meaningful_Text,1300,b,s7_stimuli_t4.jpg,158,1041154.527,1041170.517,15.989999999990687,1362.05,341.705,344.115,20.835000000000036,2.410000000000025,34.280421390881,5.1497496140055965,80.6924071860238,12.505348585109353,1382.885,35.64877792208078,80.6935412704767,20.973920115228857
93,T4_Meaningful_Text,1300,b,s7_stimuli_t4.jpg,158,1041662.437,1041682.449,20.011999999987893,1392.995,333.92499999999995,321.86,7.599999999999909,12.06499999999994,9.990888079801808,15.860505288453112,12.851269373995436,19.622014875384785,1385.395,18.926542004569416,22.778831399535225,14.259180376164585
94,T4_Meaningful_Text,1300,b,s7_stimuli_t4.jpg,158,1042078.43,1042142.432,64.00199999997858,1387.315,381.15,358.355,757.75,22.79499999999996,311.46823051219627,12.25102040351843,538.9380140567167,22.426976971546626,629.565,311.7915074736851,539.0828621380779,758.0927875431872
95,T4_Meaningful_Text,1300,b,s7_stimuli_t4.jpg,158,1042306.481,1042342.485,36.00399999995716,580.0550000000001,394.20000000000005,365.585,238.45000000000005,28.615000000000066,174.22480067184054,21.259448334658902,343.1258881016627,50.805981555777066,341.605,176.24810737599523,343.22196196029336,240.16082262725538
96,T4_Meaningful_Text,1300,b,s7_stimuli_t4.jpg,158,1042458.484,1042466.484,8.0,322.82500000000005,401.70500000000004,403.53999999999996,4.910000000000082,1.8349999999999227,16.146108054295716,6.03423793882503,17.823198707593175,7.859307179178018,317.91499999999996,17.389618311267505,18.31347900598212,5.241691043928526
97,T4_Meaningful_Text,1300,b,s7_stimuli_t4.jpg,158,1042618.327,1042690.193,71.86599999992177,304.075,323.75,403.005,925.0049999999999,79.255,338.6042637375987,32.646246493350496,570.4198377037745,112.13381424945979,1229.08,341.4490765496049,580.276835037298,928.3941000728084
98,T4_Meaningful_Text,1300,b,s7_stimuli_t4.jpg,158,1042830.207,1042862.232,32.02499999990687,1241.375,317.21,306.445,117.1400000000001,10.764999999999986,96.22784509805723,9.319256703863381,196.69688225151384,21.030070939019602,1358.515,97.5911840591119,196.73130869006135,117.63360414864464
99,T4_Meaningful_Text,1300,b,s7_stimuli_t4.jpg,158,1043050.294,1043114.307,64.01300000003539,1359.255,431.39,329.985,940.9300000000001,101.40499999999997,786.9617177981409,355.0067971445887,4519.418675045274,2934.43810675273,418.32500000000005,897.4559682520714,5090.688011441715,946.3784860852448
100,T4_Meaningful_Text,1300,b,s7_stimuli_t4.jpg,158,1043270.269,1043294.261,23.99200000008568,395.70500000000004,416.235,428.47,78.73500000000001,12.235000000000014,86.69219932109895,15.105072917450826,218.37233518281795,31.74112117149515,316.97,89.66687548683622,218.44992981263943,79.6799563880403
101,T4_Meaningful_Text,1300,b,s7_stimuli_t4.jpg,158,1043654.357,1043754.355,99.99800000002142,287.755,428.045,413.73,22.86500000000001,14.314999999999998,246.875580068712,505.43089926204055,1803.2574984299088,3387.328510095449,264.89,567.30955044874,3617.1375780132025,26.97642396612272
102,T4_Meaningful_Text,1300,b,s7_stimuli_t4.jpg,158,1044046.196,1044062.169,15.972999999998137,288.41999999999996,414.725,415.27,26.69500000000005,0.5449999999999591,43.9653666052175,3.829261129593468,58.65461827175752,9.355465113644447,315.115,44.223704349348914,58.760378060104465,26.70056272815243
103,T4_Meaningful_Text,1300,b,s7_stimuli_t4.jpg,158,1044846.248,1044874.258,28.010000000009313,330.745,392.29499999999996,397.46500000000003,46.39999999999998,5.170000000000073,48.31330656133663,4.855656178427978,122.7937145300476,9.531632016519008,377.145,49.136785429602234,123.16309648991923,46.6871384858828
104,T4_Meaningful_Text,1300,b,s7_stimuli_t4.jpg,158,1045398.256,1045438.197,39.94099999999162,362.70500000000004,410.675,404.635,3.1300000000000523,6.0400000000000205,7.126515984728054,13.331443786637525,18.2451760373689,56.085802871359746,359.575,16.38741563458323,57.28470305252573,6.80283029334119
105,T4_Meaningful_Text,1300,b,s7_stimuli_t4.jpg,158,1047537.96,1047605.99,68.03000000002794,395.14,422.1,428.49,25.43500000000006,6.389999999999986,10.079668734841796,7.401444111889989,48.8536044571302,42.563667108247486,420.57500000000005,13.050485419407183,61.55685242618482,26.225394658612917
106,T4_Meaningful_Text,1300,b,s7_stimuli_t4.jpg,158,1048369.92,1048401.909,31.98899999994319,430.07500000000005,421.04999999999995,420.85,60.650000000000034,0.1999999999999318,51.91758948340193,5.436054810307695,131.96412242490916,9.968875966344202,369.425,52.243009733330844,132.19611621773555,60.6503297600269
107,T4_Meaningful_Text,1300,b,s7_stimuli_t4.jpg,158,1048689.793,1048713.787,23.993999999947846,358.625,402.445,412.88,96.0,10.435000000000002,105.25553134441537,14.960538804097348,235.1145431370366,26.37966754279559,454.625,107.22325558996056,236.5898037832693,96.56546600622814
108,T4_Meaningful_Text,1300,b,s7_stimuli_t4.jpg,158,1048829.794,1048857.796,28.002000000094995,467.08000000000004,413.12,418.57500000000005,90.15500000000003,5.455000000000041,84.77200307534473,5.1248215401007515,223.26031485735297,8.845831092883023,376.925,86.39081198537029,223.27542099948425,90.31988180904582
109,T4_Meaningful_Text,1300,b,s7_stimuli_t4.jpg,158,1049069.877,1049093.879,24.001999999862164,366.33000000000004,399.65,399.495,19.504999999999995,0.15499999999997272,24.19388461523587,5.05818363313117,73.6749176255824,10.161196311155114,385.83500000000004,26.085540302577254,74.06192786464611,19.505615858003555
110,T4_Meaningful_Text,1300,b,s7_stimuli_t4.jpg,158,1049485.812,1049541.804,55.99200000008568,395.72,406.81,414.13,71.20499999999998,7.319999999999993,33.95799117072335,12.230160048834751,144.7263555963851,32.333183534374356,466.925,38.81759579801467,148.29414270860076,71.58026561140996
111,T4_Meaningful_Text,1300,b,s7_stimuli_t4.jpg,158,1050069.554,1050101.517,31.962999999988824,462.995,407.775,419.9,34.39499999999998,12.125,28.72408151034453,9.978126462612341,77.26206314741319,20.069354256261082,497.39,30.99605455729078,78.63973405290719,36.46959898326274
112,T4_Meaningful_Text,1300,b,s7_stimuli_t4.jpg,158,1050981.689,1050993.691,12.002000000094995,524.6,400.515,396.27,4.009999999999991,4.2450000000000045,8.78960780492634,9.305195245233532,11.506569017828534,15.751498488813565,528.61,13.629332653779812,18.32876594070483,5.839531231186281
113,T4_Meaningful_Text,1300,b,s7_stimuli_t4.jpg,158,1052181.588,1052193.586,11.997999999905005,571.0350000000001,435.09000000000003,441.845,18.12999999999988,6.7549999999999955,39.7543837520839,14.811703645501465,71.7382230808451,18.057902096003534,589.165,42.77717280100982,73.97608045108869,19.347530204137055
114,T4_Meaningful_Text,1300,b,s7_stimuli_t4.jpg,158,1052309.561,1052333.562,24.000999999931082,618.62,418.97,418.48,51.35000000000002,0.4900000000000091,56.2842647528212,3.3648879362229764,155.4104005389,6.147795446668403,567.27,56.44436798475224,155.47760503957144,51.35233782409524
115,T4_Meaningful_Text,1300,b,s7_stimuli_t4.jpg,158,1052869.38,1052893.346,23.9660000000149,552.6700000000001,414.755,414.18,38.6099999999999,0.5749999999999886,42.3826168763753,4.517213639292127,102.9831506597939,8.3980503416204,591.28,43.57641643218758,103.124687590764,38.614281360657124
116,T4_Meaningful_Text,1300,b,s7_stimuli_t4.jpg,158,1053125.381,1053213.409,88.02799999993294,591.005,422.515,412.5,28.769999999999982,10.014999999999986,350.15168217910434,297.90367458852205,3757.092039789893,3164.273603991367,562.235,464.62458358411874,4912.063521206652,30.463307847310322
117,T4_Meaningful_Text,1300,b,s7_stimuli_t4.jpg,158,1053301.441,1053313.445,12.00399999995716,588.62,410.15,397.295,13.81000000000006,12.854999999999961,30.264773837165933,28.17177819480766,35.79292160789971,34.54394913673298,602.4300000000001,41.49088047288908,49.743518765668846,18.867091058242142
118,T4_Meaningful_Text,1300,b,s7_stimuli_t4.jpg,158,1053565.362,1053589.369,24.006999999983236,610.74,403.855,417.58500000000004,0.6699999999999591,13.730000000000018,3.3641961838449386,15.045689914227603,5.391649482639985,21.270714727243124,610.07,15.508757769396256,21.549000133610523,13.746337694091487
119,T4_Meaningful_Text,1300,b,s7_stimuli_t4.jpg,158,1053661.39,1053673.393,12.003000000026077,610.145,409.79,400.305,2.3799999999999955,9.485000000000014,5.216311288060576,20.788534691714105,12.591474096652128,25.577459129570713,612.525,21.98320212537563,25.601871999269882,9.779040085816206
120,T4_Meaningful_Text,1300,b,s7_stimuli_t4.jpg,158,1054289.294,1054317.256,27.962000000057742,625.89,413.88,427.21000000000004,49.030000000000086,13.330000000000041,46.12851913879648,12.540565625378886,112.24230360364562,23.673281400916803,674.9200000000001,49.35391117618139,113.19456072055091,50.809741192019565
121,T4_Meaningful_Text,1300,b,s7_stimuli_t4.jpg,158,1054725.308,1054813.315,88.00699999998324,670.525,419.96500000000003,422.355,42.24000000000012,2.3899999999999864,16.078253293787892,14.479612037039335,81.51975940244064,28.108904313345242,712.7650000000001,25.183090514579295,83.96719796195553,42.307560790005496
122,T4_Meaningful_Text,1300,b,s7_stimuli_t4.jpg,158,1056929.174,1056953.173,23.998999999836087,715.34,415.42999999999995,416.405,21.715000000000032,0.9750000000000227,28.90221777043226,4.8834071255781835,61.14688524303256,10.522921746180108,737.0550000000001,30.142716640449496,61.20780041554414,21.7368776506655
123,T4_Meaningful_Text,1300,b,s7_stimuli_t4.jpg,158,1057269.074,1057281.07,11.99600000004284,748.5450000000001,421.325,412.43,3.4799999999999045,8.894999999999982,7.63116314241024,19.50669591178779,12.696448468228,23.978525734037323,752.025,21.289427421565875,27.132443680661336,9.551514277851393
124,T4_Meaningful_Text,1300,b,s7_stimuli_t4.jpg,158,1058640.913,1058676.897,35.98400000017136,774.81,422.42999999999995,439.11,2.6749999999999545,16.680000000000064,2.0800149929401184,12.194339894249392,4.5414160648545305,19.3078115306992,772.135,12.518139857087258,19.3503789764675,16.893135440172195
125,T4_Meaningful_Text,1300,b,s7_stimuli_t4.jpg,158,1058808.793,1058832.773,23.979999999981374,767.095,419.34000000000003,415.18,36.914999999999964,4.160000000000025,46.193451367737794,5.0902311740274735,109.61376818820314,7.700662023461898,730.1800000000001,46.76468850309027,109.65291073892597,37.14865845491594
126,T4_Meaningful_Text,1300,b,s7_stimuli_t4.jpg,158,1059456.959,1059532.954,75.99499999987893,709.505,407.975,415.58500000000004,31.090000000000032,7.610000000000014,12.618104560995263,7.778549529994741,60.63833656236435,20.71700218779238,740.595,16.935680025594284,60.64390913210503,32.00781467079567
127,T4_Meaningful_Text,1300,b,s7_stimuli_t4.jpg,158,1060056.902,1060080.905,24.003000000026077,751.185,409.315,435.76,14.42999999999995,26.444999999999993,15.815770895712632,28.983102197268494,26.43884088727797,47.67007164528964,736.755,34.31699419902082,48.75422298869154,30.12578505201148
128,T4_Meaningful_Text,1300,b,s7_stimuli_t4.jpg,158,1060244.693,1060260.669,15.976000000024214,739.565,421.28,411.94,2.365000000000009,9.339999999999975,5.2940650685378605,15.37995886157365,13.766215854909378,18.27810956812187,737.2,17.149241178631456,18.38458124568481,9.6347716630961
129,T4_Meaningful_Text,1300,b,s7_stimuli_t4.jpg,158,1060968.853,1061060.846,91.99300000001676,723.115,407.815,451.815,20.355000000000018,44.0,424.92950423570664,249.17296672554252,4890.895618250416,2730.427160093528,743.47,496.73268840731544,5578.37526493357,48.48016114865957
130,T4_Meaningful_Text,1300,b,s7_stimuli_t4.jpg,158,1061688.481,1061712.433,23.95200000004843,756.95,408.885,435.505,7.525000000000091,26.620000000000005,8.264965988216767,29.23766041291695,12.323311413411895,48.469494893543356,749.425,30.44136153794499,49.610120074179754,27.663152839110758
131,T4_Meaningful_Text,1300,b,s7_stimuli_t4.jpg,158,1061972.625,1062004.625,32.0,752.015,382.64,389.02,18.68500000000006,6.3799999999999955,15.360999439639073,5.532754949358799,26.307304365450833,9.931007397957629,770.7,17.208290755530577,26.90846327426664,19.744204845979546
132,T4_Meaningful_Text,1300,b,s7_stimuli_t4.jpg,158,1062104.625,1062128.625,24.0,780.335,417.94500000000005,395.56,4.669999999999959,22.385000000000048,5.118962974443931,24.723385415114322,9.766586745672964,37.81675002533557,785.005,26.20188868491778,37.859975102175085,22.86694393660862
133,T4_Meaningful_Text,1300,b,s7_stimuli_t4.jpg,158,1062228.586,1062292.562,63.976000000024214,789.46,432.81500000000005,434.875,29.529999999999973,2.0599999999999454,15.909726180641966,6.780740583474518,73.8947043599382,18.386825631449565,818.99,19.478042195700297,74.02221227520579,29.601765150071678
134,T4_Meaningful_Text,1300,b,s7_stimuli_t4.jpg,158,1062920.698,1062980.693,59.99499999987893,849.895,420.585,426.765,18.049999999999955,6.180000000000007,8.848604466533635,16.965304728059873,18.513765447186383,34.495452849197434,867.9449999999999,20.213178106499182,39.149658725263954,19.078650371554023
135,T4_Meaningful_Text,1300,b,s7_stimuli_t4.jpg,158,1063404.513,1063432.503,27.989999999990687,867.0,441.29499999999996,456.01,3.0150000000001,14.715000000000032,4.713656671873923,13.830093435269195,9.179262028683196,20.952429207931598,863.9849999999999,15.133705625882273,21.56379149192789,15.020700716011937
136,T4_Meaningful_Text,1300,b,s7_stimuli_t4.jpg,158,1063608.477,1063656.482,48.00500000012107,866.145,421.76,431.725,17.529999999999973,9.965000000000032,9.606605026314993,12.245055822703526,15.356888923332162,29.825906324330045,883.675,16.137418887841676,33.54726107257153,20.16437762491071
137,T4_Meaningful_Text,1300,b,s7_stimuli_t4.jpg,158,1064076.528,1064092.531,16.003000000026077,893.7249999999999,454.85,468.32500000000005,0.3650000000000091,13.475000000000023,3.2630780463593663,22.151084377119602,5.8190363315346,25.01856863590723,894.0899999999999,22.429348116003034,25.238295727270078,13.479942507295815
138,T4_Meaningful_Text,1300,b,s7_stimuli_t4.jpg,158,1065016.405,1065140.404,123.99900000006892,928.36,453.46000000000004,447.185,8.544999999999959,6.275000000000034,395.7265651388923,191.07695274372148,6161.861249128177,2982.3275593893336,936.905,439.44292553412953,6845.6418051926,10.601539982474232
139,T4_Meaningful_Text,1300,b,s7_stimuli_t4.jpg,158,1065508.351,1065516.348,7.996999999973923,988.375,450.42,437.655,2.6399999999999864,12.765000000000043,8.684095535991556,41.99130985503545,13.255618478487001,50.226623862654876,985.735,42.97598171420861,51.946368168408256,13.035138089026944
140,T4_Meaningful_Text,1300,b,s7_stimuli_t4.jpg,158,1067164.28,1067172.28,8.0,1010.065,455.21,458.83,4.369999999999891,3.6200000000000045,14.370365009627157,11.904055225366516,15.455541314701765,14.699206314196116,1014.435,18.71867724614479,21.329332469577107,5.674618929936977
141,T4_Meaningful_Text,1300,b,s7_stimuli_t4.jpg,158,1067504.174,1067652.06,147.8859999999404,1035.48,463.65,464.03999999999996,7.855000000000018,0.38999999999998636,377.17551493337015,175.59958709746724,6971.929289070944,3013.9507037336502,1043.335,425.5276649944492,7480.878189128827,7.864675772083696
142,T4_Meaningful_Text,1300,b,s7_stimuli_t4.jpg,158,1068964.037,1068996.003,31.9660000000149,1042.505,451.255,466.3,10.799999999999955,15.045000000000016,8.887907689889603,12.669698458292284,21.92275363764018,22.251924112680282,1053.305,16.666379657457412,25.68955714697369,18.520043871438304
143,T4_Meaningful_Text,1300,b,s7_stimuli_t4.jpg,158,1069171.964,1069195.979,24.015000000130385,1050.92,438.12,443.77,25.539999999999964,5.649999999999977,27.978014351838397,6.189105780034715,59.95067861598652,15.115363487420572,1076.46,29.694825845629907,59.95676892146599,26.157486500044264
144,T4_Meaningful_Text,1300,b,s7_stimuli_t4.jpg,158,1069415.994,1069423.99,7.996000000042841,1095.5149999999999,422.71500000000003,423.65999999999997,9.705000000000155,0.9449999999999363,31.930013615159922,4.589631014117423,38.296275990635344,7.698735894576097,1105.22,32.511373577373575,38.32488372302465,9.75089995846552
145,T4_Meaningful_Text,1300,b,s7_stimuli_t4.jpg,158,1069627.999,1069752.019,124.02000000001863,1136.92,381.41499999999996,413.305,13.509999999999764,31.890000000000043,1493.985379943954,558.9041051144931,8019.354242111747,3125.224932127743,1150.4299999999998,1604.1278754621396,8567.342806750843,34.633685914150064
146,T4_Meaningful_Text,1300,b,s7_stimuli_t4.jpg,158,1069856.019,1069868.019,12.0,1141.05,418.2,409.58500000000004,4.339999999999918,8.614999999999952,9.514475078837872,18.886452259029806,18.80972262129669,28.90515067153898,1145.3899999999999,21.356186300840804,34.486423421898806,9.646441053569884
147,T4_Meaningful_Text,1300,b,s7_stimuli_t4.jpg,158,1070052.038,1070140.032,87.99399999994785,1130.955,418.84000000000003,441.5,17.195000000000164,22.659999999999968,1400.2479869011804,521.1635369579316,7901.795876734271,2926.6136397356804,1148.15,1494.6171900193265,8410.39815489838,28.445449987651877
148,T4_Meaningful_Text,1300,b,s7_stimuli_t4.jpg,158,1070208.021,1070228.018,19.996999999973923,1152.025,431.225,412.015,7.954999999999927,19.210000000000036,10.465409466002543,25.272376064354482,12.13727845796975,32.23450647561694,1144.0700000000002,27.633237696803132,33.63496870088633,20.791972609639526
149,T4_Meaningful_Text,1300,b,s7_stimuli_t4.jpg,158,1071703.898,1071727.902,24.00399999995716,1124.465,414.95,433.03,3.7300000000002456,18.079999999999984,4.087871653255859,19.815402232779096,6.377926827025139,31.338576325343592,1128.1950000000002,20.312738733616023,31.432911518215658,18.46075025560991
150,T4_Meaningful_Text,1300,b,s7_stimuli_t4.jpg,158,1072135.728,1072147.727,11.999000000068918,1139.365,425.65999999999997,418.03,1.990000000000009,7.6299999999999955,4.363096689942991,16.728461691657724,5.624592456130864,20.092203709112745,1137.375,17.341333788942514,20.34382517916135,7.885239374933393
151,T4_Meaningful_Text,1300,b,s7_stimuli_t4.jpg,158,1072227.723,1072243.723,16.0,1128.83,417.89,432.895,6.990000000000009,15.004999999999995,11.493003594656345,24.67131887522435,14.764974575110056,31.075503281688945,1135.82,27.601023918672144,31.82643640158958,16.553251191231286
152,T4_Meaningful_Text,1300,b,s7_stimuli_t4.jpg,158,1072663.743,1072687.741,23.997999999905005,1155.79,445.35,414.28,2.7650000000001,31.07000000000005,4.938488112622994,34.059826519052315,14.205944357343988,48.931586119738164,1158.555,35.04846940228918,49.0151505120518,31.192789631579984
153,T4_Meaningful_Text,1300,b,s7_stimuli_t4.jpg,158,1073123.886,1073131.885,7.999000000068918,1172.9850000000001,431.345,438.57,1.1499999999998636,7.224999999999966,3.7821724993461845,23.760108172186598,3.97997477890071,36.92887850300166,1174.135,24.208433254166493,37.10242279638875,7.3159500408353795
154,T4_Meaningful_Text,1300,b,s7_stimuli_t4.jpg,158,1074123.653,1074155.65,31.996999999973923,1190.065,455.495,420.135,10.535000000000082,35.360000000000014,9.319072913155214,29.07226335753704,18.842606751754218,59.717580909573286,1179.53,31.756327725363608,60.51095509370337,36.89601367356645
155,T4_Meaningful_Text,1300,b,s7_stimuli_t4.jpg,158,1074259.65,1074299.65,40.0,1175.38,448.745,454.21500000000003,26.549999999999955,5.470000000000027,17.46147327256796,3.5975238719754197,37.487908720766235,7.201624570042345,1201.93,18.00519891500845,38.173376805102514,27.10762623322075
156,T4_Meaningful_Text,1300,b,s7_stimuli_t4.jpg,158,1074483.658,1074507.66,24.001999999862164,1214.9450000000002,410.905,430.53,11.75,19.625,12.87828628792881,21.510173277387082,19.73047827408663,33.34450828320926,1226.6950000000002,25.989084751680192,33.67855155816845,22.87363383898588
157,T4_Meaningful_Text,1300,b,s7_stimuli_t4.jpg,158,1075243.498,1075291.526,48.028000000165775,1240.96,442.255,441.23,49.13000000000011,1.0249999999999773,27.71113982178368,7.9504738452062576,92.71977213040395,16.92263520874202,1290.0900000000001,30.58674940891812,92.88797766285279,49.140691132706
158,T4_Meaningful_Text,1300,b,s7_stimuli_t4.jpg,158,1076459.303,1076479.307,20.00399999995716,1307.175,417.975,433.94,9.545000000000073,15.964999999999975,12.552619700443705,20.9959460778053,15.944817066635718,34.28957567312887,1316.72,26.254264103805816,35.734845481241315,18.600759393100073
159,T4_Meaningful_Text,1300,b,s7_stimuli_t4.jpg,158,1076655.396,1076663.401,8.005000000121072,1310.9,417.905,403.44,2.474999999999909,14.464999999999975,8.133621824772076,47.53739202875309,9.069218092451298,49.20294182177057,1308.4250000000002,48.24321958292964,49.72666342956364,14.675212093867634
160,T4_Meaningful_Text,1300,b,s7_stimuli_t4.jpg,158,1077063.349,1077087.352,24.003000000026077,1300.0149999999999,393.93,422.195,12.805000000000064,28.264999999999986,14.033596500981465,30.978720707706305,33.76356108945831,57.64588069079442,1312.82,35.39407377804318,59.820246512638846,31.030279566900468
161,T4_Meaningful_Text,1300,b,s7_stimuli_t4.jpg,158,1077423.428,1077431.427,7.998999999836087,1319.79,420.955,417.395,3.990000000000009,3.5600000000000023,13.123494006515623,11.708543076187752,21.807630401361717,14.341066146294994,1315.8,18.102059760811816,26.100554054172953,5.347307733804002
162,T4_Meaningful_Text,1300,b,s7_stimuli_t4.jpg,158,1077799.334,1077815.328,15.993999999947846,1334.815,425.63,437.20500000000004,8.914999999999964,11.575000000000045,14.7936445268236,19.82724826918806,28.057177573571096,35.39217241402543,1343.73,25.473706163562028,45.16426775205155,14.610196781700115
163,T4_Meaningful_Text,1300,b,s7_stimuli_t4.jpg,158,1079123.201,1079139.194,15.993000000016764,1367.6550000000002,403.865,417.31,14.404999999999745,13.444999999999993,23.694654356891874,22.116070259688648,31.80690587766033,26.649470404302882,1382.06,32.90778447582339,39.568621751508765,19.704620016635502
164,T4_Meaningful_Text,1300,b,s7_stimuli_t4.jpg,158,1079203.169,1079227.159,23.989999999990687,1382.795,427.83000000000004,399.81,17.519999999999982,28.02000000000004,19.211971483935496,30.726683855570837,30.235633707385066,44.84349155687002,1365.275,38.63742824522625,45.6272105281233,33.04649451908631
165,T4_Meaningful_Text,1300,b,s7_stimuli_t4.jpg,158,1080295.138,1080359.129,63.99099999992177,1336.635,440.065,434.975,799.2950000000001,5.089999999999975,328.6002097846498,13.800979353970057,494.8654591078163,38.22091482108885,537.3399999999999,329.0418885507916,495.0977181919992,799.311206680477
166,T4_Meaningful_Text,1300,b,s7_stimuli_t4.jpg,158,1080503.109,1080527.107,23.998000000137836,495.84999999999997,491.33000000000004,480.945,150.40499999999997,10.385000000000048,164.88026536216242,16.49203008391265,345.0860650138011,26.04423132179619,345.445,166.64731710175568,345.65907954225634,150.76309976250818
167,T4_Meaningful_Text,1300,b,s7_stimuli_t4.jpg,158,1081059.037,1081215.071,156.0339999999851,294.58500000000004,492.31,512.765,6.895000000000039,20.454999999999984,100.08053274818059,203.46968014152563,1731.0770749918786,3427.399365400436,287.69,233.86537033291685,3839.751847386723,21.58582984274637
168,T4_Meaningful_Text,1300,b,s7_stimuli_t4.jpg,158,1081846.999,1082006.985,159.98600000003353,320.61,520.0899999999999,527.4300000000001,66.625,7.3400000000001455,101.219442975228,216.8724529092495,1647.939804939657,4053.725413802776,253.985,249.79900371456114,4242.051889436883,67.02810026399378
169,T4_Meaningful_Text,1300,b,s7_stimuli_t4.jpg,158,1082042.988,1082062.99,20.002000000094995,287.475,513.355,498.70500000000004,14.259999999999991,14.649999999999977,18.756307484133075,22.88608085641807,40.05287089639873,48.142366988774604,301.735,31.950490164230917,52.59438110242565,20.444317058781863
170,T4_Meaningful_Text,1300,b,s7_stimuli_t4.jpg,158,1082366.678,1082398.718,32.04000000003725,287.9,529.59,503.645,15.44500000000005,25.94500000000005,12.681532956350857,21.302840566915375,24.533778227712574,37.07983349490973,303.345,25.978534173175934,37.306410099755766,30.194222129407542
171,T4_Meaningful_Text,1300,b,s7_stimuli_t4.jpg,158,1082726.868,1082770.88,44.01199999987148,301.895,492.7,506.57,14.534999999999968,13.870000000000005,8.688101488411105,8.29036509386419,13.216116413993914,15.053405047215852,287.36,12.492272799189676,15.896174643506338,20.09087168342875
172,T4_Meaningful_Text,1300,b,s7_stimuli_t4.jpg,158,1083058.903,1083070.901,11.998000000137836,299.295,513.6899999999999,514.865,17.289999999999964,1.1750000000000682,37.91019994238987,3.2343325343436002,47.891266760985445,5.328561274230184,316.585,38.17337414373106,48.01095065195271,17.329879543724445
173,T4_Meaningful_Text,1300,b,s7_stimuli_t4.jpg,158,1083342.858,1083366.851,23.993000000016764,321.43,514.255,510.91999999999996,42.204999999999984,3.3350000000000364,46.595459138669945,6.956767054891035,133.37849363125255,18.189471511241358,363.635,50.21329867834177,133.39261104475378,42.336559260289434
174,T4_Meaningful_Text,1300,b,s7_stimuli_t4.jpg,158,1083862.652,1084038.713,176.06099999998696,395.405,521.295,515.0450000000001,3.6949999999999363,6.249999999999886,205.3630663222946,399.8798599534081,2067.0306722543855,4101.948196141557,391.71000000000004,453.19453611090955,4590.763206498625,7.2605457783832
175,T4_Meaningful_Text,1300,b,s7_stimuli_t4.jpg,158,1085458.612,1085506.621,48.00900000007823,438.315,536.4449999999999,533.5899999999999,48.44999999999999,2.855000000000018,36.707940734625986,5.219563948470059,186.5707976462198,15.718614358357529,486.765,38.92033758651505,186.57893389483283,48.53404500966305
176,T4_Meaningful_Text,1300,b,s7_stimuli_t4.jpg,158,1087002.473,1087026.472,23.999000000068918,483.15999999999997,516.11,514.955,20.644999999999982,1.1549999999999727,22.632331138328528,1.6278014615107892,62.00208643524315,4.307821089843142,503.80499999999995,22.862650460077827,62.00295890532601,20.67728342892265
177,T4_Meaningful_Text,1300,b,s7_stimuli_t4.jpg,158,1087642.465,1087758.471,116.00599999981932,520.465,538.64,522.6,20.30000000000001,16.039999999999964,234.6254831670258,362.36659608557125,3276.903600021469,4577.536727849359,500.165,437.4115006522114,5394.858027797036,25.872216758523017
178,T4_Meaningful_Text,1300,b,s7_stimuli_t4.jpg,158,1087942.506,1087974.507,32.00099999993108,520.4449999999999,520.295,524.77,45.85500000000002,4.475000000000023,38.388025492760974,4.961167160795872,84.24914223035668,7.232700525492371,566.3,39.319119343018635,84.40517810182352,46.072840698181416
179,T4_Meaningful_Text,1300,b,s7_stimuli_t4.jpg,158,1088090.455,1088230.263,139.80799999996088,577.7750000000001,524.47,521.78,7.725000000000136,2.6900000000000546,410.2210831986618,439.9741142487818,3730.973831988121,3871.5341412435173,570.05,606.5671999354388,5210.010298189295,8.179958740727388
180,T4_Meaningful_Text,1300,b,s7_stimuli_t4.jpg,158,1088522.333,1088550.336,28.002999999793246,584.515,533.975,533.3050000000001,20.459999999999923,0.6699999999999591,19.22064568388146,4.424903952040813,41.32502072974398,7.333161091868732,604.9749999999999,20.093608696322065,41.51290433485153,20.47096724632221
181,T4_Meaningful_Text,1300,b,s7_stimuli_t4.jpg,158,1090666.216,1090702.221,36.00499999988824,620.2249999999999,531.0250000000001,538.09,1.1699999999998454,7.064999999999941,8.913667796653463,21.864829934820193,22.158364337189088,56.18493271848249,619.0550000000001,24.854377827445663,57.229039772465455,7.1612237082777135
182,T4_Meaningful_Text,1300,b,s7_stimuli_t4.jpg,158,1091882.077,1091914.067,31.989999999990687,638.6600000000001,531.315,536.7550000000001,17.454999999999927,5.440000000000055,18.687539388860117,20.66669975385472,57.72608047083148,41.553433484683545,656.115,30.493769390835258,65.7350291010843,18.283069353913145
183,T4_Meaningful_Text,1300,b,s7_stimuli_t4.jpg,158,1092274.074,1092314.082,40.00799999991432,657.94,513.105,519.935,34.944999999999936,6.829999999999927,27.692325421467615,8.784833126727921,145.73891558866876,16.700963030619008,692.885,31.599101478043714,145.7977733145536,35.606206270817374
184,T4_Meaningful_Text,1300,b,s7_stimuli_t4.jpg,158,1092610.008,1092645.988,35.97999999998137,705.885,510.56500000000005,504.33,30.029999999999973,6.2350000000000705,21.956572468166424,14.18017591052676,66.68947717613283,32.01226506777377,735.915,31.375728045362766,66.69045915466305,30.670443834414904
185,T4_Meaningful_Text,1300,b,s7_stimuli_t4.jpg,158,1092849.944,1092873.942,23.998000000137836,762.775,526.5899999999999,526.925,19.315000000000055,0.3350000000000364,24.297248528665907,7.733780364410439,66.45882765322028,20.61834979642203,782.09,26.814570282344253,69.58370586112854,19.317904907106314
186,T4_Meaningful_Text,1300,b,s7_stimuli_t4.jpg,158,1095409.77,1095533.592,123.82199999992736,818.505,499.91999999999996,509.235,11.040000000000077,9.315000000000055,349.99159929374804,214.3138838365314,5457.1374845542405,3355.0213219344137,829.5450000000001,410.4059412758051,6371.495657885706,14.444750776666336
187,T4_Meaningful_Text,1300,b,s7_stimuli_t4.jpg,158,1095585.574,1095601.58,16.006000000052154,830.4449999999999,514.605,500.99,0.6349999999999909,13.615000000000009,2.950346071905887,22.377409749457616,7.1340727906380295,31.59375092997071,831.0799999999999,22.931115842940756,31.596213961565308,13.629800071901284
188,T4_Meaningful_Text,1300,b,s7_stimuli_t4.jpg,158,1095721.623,1095757.63,36.006999999983236,819.4449999999999,523.325,522.73,25.809999999999945,0.5950000000000273,18.85708128500714,11.42996723063863,30.212962647911027,31.36361954962737,793.635,23.20587437439022,43.548820227623104,25.81685738040161
189,T4_Meaningful_Text,1300,b,s7_stimuli_t4.jpg,158,1095905.658,1095929.659,24.000999999931082,788.795,528.855,533.115,37.200000000000045,4.259999999999991,41.1599220110773,14.446896022075071,111.4772022485982,26.405956756821183,825.995,47.86798335108593,111.90708757995172,37.44312486959393
190,T4_Meaningful_Text,1300,b,s7_stimuli_t4.jpg,158,1096485.727,1096509.728,24.000999999931082,827.24,529.26,535.8299999999999,18.095000000000027,6.569999999999936,19.83307851460097,7.7712805563869525,36.78814494557198,13.186536313182947,845.335,21.74040183031619,37.659582612023314,19.2508162164621
191,T4_Meaningful_Text,1300,b,s7_stimuli_t4.jpg,158,1097909.587,1097973.591,64.00399999995716,848.145,509.645,507.315,28.529999999999973,2.329999999999984,14.336409843640075,11.356847493583844,34.3553274960882,29.66148567204538,876.675,19.434190582008938,38.41622303821601,28.624985589515994
192,T4_Meaningful_Text,1300,b,s7_stimuli_t4.jpg,158,1099265.443,1099293.441,27.998000000137836,869.97,489.24,500.97499999999997,25.475000000000023,11.734999999999957,27.496938562220468,12.717365655806544,54.42323590602701,29.59571741113219,844.495,32.256843386920316,54.58831027506247,28.047920600286936
193,T4_Meaningful_Text,1300,b,s7_stimuli_t4.jpg,158,1099745.342,1099789.284,43.942000000039116,838.9949999999999,491.54499999999996,505.87,16.955000000000155,14.325000000000045,12.401367753591531,15.982113004840249,34.67032727915483,38.235829202437515,855.95,22.716090631027065,45.22109285400214,22.19634316728786
194,T4_Meaningful_Text,1300,b,s7_stimuli_t4.jpg,158,1100381.337,1100433.354,52.01699999999255,869.85,515.325,495.10499999999996,2.4850000000000136,20.220000000000084,2.9054770815376285,10.534822515233948,6.573539321927513,24.032291291522075,872.335,11.503541116020775,24.081913719073693,20.372128632030662
195,T4_Meaningful_Text,1300,b,s7_stimuli_t4.jpg,158,1101233.322,1101329.307,95.98500000010245,884.905,513.275,513.895,16.345000000000027,0.6200000000000045,490.2820655668157,302.09465886568154,5930.329679476026,3626.33037025557,901.25,580.6474988858419,6864.229048671512,16.356754720909674
196,T4_Meaningful_Text,1300,b,s7_stimuli_t4.jpg,158,1101465.215,1101489.198,23.98300000000745,903.985,498.92999999999995,502.67499999999995,23.125,3.7450000000000045,25.36553559943111,10.152194292706737,44.26235222887457,18.659296441465887,880.86,28.91692499983093,44.29801150633273,23.4262811816131
197,T4_Meaningful_Text,1300,b,s7_stimuli_t4.jpg,158,1101653.223,1101677.229,24.006000000052154,877.71,526.015,507.92999999999995,33.69999999999993,18.085000000000036,36.930607228180556,22.887113707850784,96.85243521863686,48.886480370031904,911.41,47.92566715627719,97.28890446160844,38.246009268942
198,T4_Meaningful_Text,1300,b,s7_stimuli_t4.jpg,158,1102117.0,1102229.161,112.1610000000801,920.905,485.945,520.505,44.35500000000002,34.56,907.4798079561073,466.57892766752263,6511.517519036715,3418.143649166429,965.26,1020.6591966076054,7267.476922240823,56.22952627401374
199,T4_Meaningful_Text,1300,b,s7_stimuli_t4.jpg,158,1102797.13,1102821.107,23.977000000188127,963.775,515.3,527.745,17.784999999999968,12.44500000000005,19.513837104431836,13.654619119601941,42.89091289766625,24.556117437957226,981.56,24.056257402745015,49.42300388302941,21.706778895082525
200,T4_Meaningful_Text,1300,b,s7_stimuli_t4.jpg,158,1103037.117,1103065.14,28.022999999811873,993.31,493.25,515.415,0.030000000000086402,22.164999999999964,4.205753919360901,20.80804431272299,7.163367914020308,27.503389649936196,993.34,21.2975821510311,27.638285242034012,22.16502030226903
201,T4_Meaningful_Text,1300,b,s7_stimuli_t4.jpg,158,1103121.174,1103137.168,15.993999999947846,991.91,492.525,486.09000000000003,28.16999999999996,6.434999999999945,46.33638020143787,10.581992627603341,105.0515543221462,27.754206105550434,1020.0799999999999,50.13470468275999,105.39925315070566,28.895641972449706
202,T4_Meaningful_Text,1300,b,s7_stimuli_t4.jpg,158,1103233.109,1103245.102,11.993000000016764,1024.775,505.325,493.66,2.270000000000209,11.664999999999964,4.9792563681035436,25.587737303267684,6.843320795578782,32.341270875253535,1022.5049999999999,26.081060637435424,33.05735684137078,11.883817778811661
203,T4_Meaningful_Text,1300,b,s7_stimuli_t4.jpg,158,1103741.178,1103765.16,23.981999999843538,1001.895,492.70000000000005,514.43,3.660000000000082,21.729999999999905,4.7827473536034235,23.836949539862132,13.986245128082995,27.116861142448375,1005.5550000000001,24.72293542844436,27.353083214850837,22.036072699099456
204,T4_Meaningful_Text,1300,b,s7_stimuli_t4.jpg,158,1103901.056,1103909.05,7.993999999947846,1010.22,510.70500000000004,505.32500000000005,0.6200000000001182,5.3799999999999955,2.0403463480972026,17.704940891549754,3.290881206607764,25.109423606417597,1009.5999999999999,17.827426792063743,25.32415947198496,5.415607075850324
205,T4_Meaningful_Text,1300,b,s7_stimuli_t4.jpg,158,1104169.022,1104280.84,111.8179999999702,1004.1800000000001,499.075,511.78,21.60499999999979,12.704999999999984,527.0710080389125,249.01133151446768,7307.902983120722,3288.083627881857,1025.7849999999999,587.0396292244696,8008.257456633754,25.063779643142222
206,T4_Meaningful_Text,1300,b,s7_stimuli_t4.jpg,158,1104688.96,1104696.962,8.002000000094995,1029.8899999999999,521.415,517.575,1.4149999999999636,3.839999999999918,4.6519414741850715,12.62435000768393,5.687532685625827,15.385926571515581,1028.475,13.454184165635969,16.403498544948615,4.092410658768163
207,T4_Meaningful_Text,1300,b,s7_stimuli_t4.jpg,158,1105034.644,1105165.56,130.91599999996834,1039.005,491.625,522.76,43.030000000000086,31.13499999999999,410.505290586817,205.3865995565193,6939.682022268181,3384.1726975629467,995.975,460.89285563997623,7720.868566238041,53.11279624534945
208,T4_Meaningful_Text,1300,b,s7_stimuli_t4.jpg,158,1105289.034,1105320.948,31.91400000010617,966.795,524.295,509.91499999999996,81.7750000000002,14.379999999999995,70.38354283004577,11.861606155766633,236.39734492527688,21.56498838891186,1048.5700000000002,75.24654366954718,236.9022961617827,83.02972374397035
209,T4_Meaningful_Text,1300,b,s7_stimuli_t4.jpg,158,1105548.918,1105664.759,115.8410000000149,1056.38,464.495,502.15,36.445000000000164,37.65499999999997,471.40681665853333,219.4642624764131,6951.103098107871,3304.2053245185134,1019.935,520.0068166823922,7696.467183526565,52.4035976818387
210,T4_Meaningful_Text,1300,b,s7_stimuli_t4.jpg,158,1105836.658,1105868.663,32.00499999988824,988.765,529.27,530.28,28.884999999999877,1.009999999999991,23.742694578656327,5.441455461105212,69.92706371691793,12.624350008132355,959.8800000000001,25.086205316641227,70.04964972496826,28.90265255992939
211,T4_Meaningful_Text,1300,b,s7_stimuli_t4.jpg,158,1106000.696,1106060.739,60.04300000006333,938.46,541.2049999999999,522.24,110.23500000000013,18.964999999999918,49.47814918563312,10.885582963599168,159.76987321017089,21.457244254967293,1048.6950000000002,55.53077201220764,159.78550505491722,111.8544878402294
212,T4_Meaningful_Text,1300,b,s7_stimuli_t4.jpg,158,1106360.827,1106516.777,155.94999999995343,1053.5549999999998,514.865,525.49,33.054999999999836,10.625,698.9639832031315,348.46741905654306,6930.780708146685,3456.9205730351073,1020.5,781.0156599225995,7745.06430397396,34.72065163558987
213,T4_Meaningful_Text,1300,b,s7_stimuli_t4.jpg,158,1106608.79,1106640.809,32.018999999854714,1020.075,530.355,524.5699999999999,49.444999999999936,5.785000000000082,42.285972841539056,7.1681157891259915,115.00407043713422,24.644614381663246,1069.52,45.66747114604253,115.03048649352358,49.7822684296326
214,T4_Meaningful_Text,1300,b,s7_stimuli_t4.jpg,158,1106896.901,1107056.81,159.9089999999851,1072.46,526.83,525.55,0.8650000000000091,1.2800000000000864,358.0606805387291,198.70845517055295,7087.11806455343,3871.0353041861476,1071.595,416.77288139610056,8075.404434898297,1.5448705447383728
215,T4_Meaningful_Text,1300,b,s7_stimuli_t4.jpg,158,1107228.599,1107256.598,27.999000000068918,1062.85,541.0999999999999,543.8,20.425000000000182,2.7000000000000455,19.19024133746574,5.994390614589784,47.09007481415603,16.540717619776373,1083.275,22.07778145262076,48.429739594872544,20.602684897847844
216,T4_Meaningful_Text,1300,b,s7_stimuli_t4.jpg,158,1108552.653,1108568.644,15.9910000001546,1122.2350000000001,512.015,524.865,4.039999999999964,12.850000000000023,6.646112804722294,21.140588357233934,11.613905004032173,31.42791552310399,1126.275,22.60183456612619,31.583031173077107,13.47011878195587
217,T4_Meaningful_Text,1300,b,s7_stimuli_t4.jpg,158,1108928.581,1108956.582,28.000999999931082,1137.315,535.87,528.385,33.549999999999955,7.485000000000014,31.519740209828765,7.182540103448953,102.59848702525764,18.579533708099202,1170.865,35.20482195102384,102.86256929558641,34.374812363124214
218,T4_Meaningful_Text,1300,b,s7_stimuli_t4.jpg,158,1109264.549,1109272.55,8.000999999931082,1191.31,523.665,532.375,4.450000000000273,8.710000000000036,14.631901104527179,28.73355896155781,16.968211315716804,57.36846553174527,1195.7600000000002,37.81990309128885,58.67130808907682,9.780930426089487
219,T4_Meaningful_Text,1300,b,s7_stimuli_t4.jpg,158,1109640.534,1109648.531,7.996999999973923,1239.0549999999998,501.37,499.52,0.2300000000000182,1.8500000000000227,1.3815570073050196,6.085788831642395,2.138002980399947,6.545578355381993,1239.2849999999999,6.273261816693184,6.885902464502696,1.8642424734996499
220,T4_Meaningful_Text,1300,b,s7_stimuli_t4.jpg,158,1112008.29,1112032.286,23.99600000004284,1263.525,497.595,506.96000000000004,20.49499999999989,9.365000000000009,22.467646996037775,10.267204255059317,46.20220329182362,12.992479650130177,1284.02,26.819673597847284,47.45199395295129,22.53326984705051
221,T4_Meaningful_Text,1300,b,s7_stimuli_t4.jpg,158,1112820.293,1112860.276,39.98300000000745,1292.33,509.635,511.255,17.420000000000073,1.6200000000000045,17.57406692910523,5.454448982834444,41.64171958750487,12.206115456785726,1309.75,19.417648424904407,41.652643300582284,17.49516504637789
222,T4_Meaningful_Text,1300,b,s7_stimuli_t4.jpg,158,1113500.142,1113512.145,12.003000000026077,1311.245,497.41499999999996,500.03999999999996,20.185000000000173,2.625,44.24412285447661,9.215499373801741,64.4200115648982,13.771564878638303,1331.43,46.32291032638917,64.62919705320375,20.354971137292406
223,T4_Meaningful_Text,1300,b,s7_stimuli_t4.jpg,158,1113844.207,1113856.202,11.995000000111759,1341.755,506.41999999999996,499.42999999999995,5.769999999999982,6.990000000000009,12.654555555853923,15.330318624542025,14.406850853388406,20.10225483583796,1335.9850000000001,20.207211006228807,22.677117588695953,9.063829212865825
224,T4_Meaningful_Text,1300,b,s7_stimuli_t4.jpg,158,1114184.203,1114196.198,11.995000000111759,1318.17,491.905,503.405,1.1149999999997817,11.5,3.432588864259417,25.222774853700162,8.356747509497303,48.19935079296772,1319.2849999999999,25.489023642807563,48.91842848866925,11.553926821648107
225,T4_Meaningful_Text,1300,b,s7_stimuli_t4.jpg,158,1114268.168,1114300.154,31.986000000033528,1318.87,503.56500000000005,489.65,6.4699999999998,13.915000000000077,5.337808649393495,11.444827775716814,8.948957963446874,19.641646706537504,1312.4,12.912005124283642,21.584210293081718,15.345622339937847
226,T4_Meaningful_Text,1300,b,s7_stimuli_t4.jpg,158,1114488.102,1114520.084,31.98200000007637,1304.725,501.17,514.005,19.13000000000011,12.83499999999998,20.448451119446002,10.557851232208488,35.26060299984739,17.215615844573733,1285.5949999999998,23.486654593583978,35.72734979522078,23.036799365363315
227,T4_Meaningful_Text,1300,b,s7_stimuli_t4.jpg,158,1114612.029,1114628.021,15.991999999852851,1284.345,504.04999999999995,497.92,3.4850000000001273,6.129999999999939,5.7329261952370265,10.084027999100034,6.876221376325972,12.502220684227646,1280.86,11.630411758632848,13.723999200479273,7.051391706606585
228,T4_Meaningful_Text,1300,b,s7_stimuli_t4.jpg,158,1115852.061,1115972.004,119.9429999999702,1277.555,507.005,495.65999999999997,2.814999999999827,11.345000000000027,5.791229256994645,7.035837105176881,18.21780827307458,27.8408550079018,1280.37,9.576961569148752,29.58375911275429,11.689022628089983
229,T4_Meaningful_Text,1300,b,s7_stimuli_t4.jpg,158,1116127.91,1116151.911,24.001000000163913,1291.99,490.82,508.855,9.950000000000045,18.035000000000025,10.90572064032416,19.76784448697962,20.38306511610951,28.017279149205077,1301.94,22.804242020322054,33.49128820046593,20.597663095603874
230,T4_Meaningful_Text,1300,b,s7_stimuli_t4.jpg,158,1116371.908,1116379.908,8.0,1300.0549999999998,505.88,500.905,1.7399999999997817,4.975000000000023,5.721838699484838,16.35985490226481,8.747178701511922,16.96821131571568,1298.315,17.535387794485143,19.09013699508114,5.270505194001754
231,T4_Meaningful_Text,1300,b,s7_stimuli_t4.jpg,158,1116647.913,1116671.906,23.993000000016764,1288.945,502.31,513.775,26.39500000000021,11.464999999999975,28.94170737011449,12.571297643144801,53.25272038876097,22.471096650862872,1315.3400000000001,32.74996092487561,54.04325796494173,28.77746079834026
232,T4_Meaningful_Text,1300,b,s7_stimuli_t4.jpg,158,1117147.988,1117171.987,23.999000000068918,1352.4050000000002,469.95,479.685,8.504999999999882,9.735000000000014,9.323016911914475,10.671430722400364,13.482493487291757,16.146108054295343,1360.91,14.647138705635896,17.599493227340886,12.92691958666094
233,T4_Meaningful_Text,1300,b,s7_stimuli_t4.jpg,158,1117355.921,1117371.91,15.988999999826774,1369.4699999999998,484.43,476.38,0.09499999999979991,8.050000000000011,2.492826051368954,13.24490993207005,4.673051313383264,17.31003514675681,1369.375,13.558839319490826,17.929716265447958,8.050560539490412
234,T4_Meaningful_Text,1300,b,s7_stimuli_t4.jpg,158,1117515.776,1117707.778,192.00199999986216,1365.645,507.345,513.235,0.3450000000000273,5.889999999999986,422.5780106726034,196.6354959329974,10108.060619401655,4350.107731057296,1365.99,473.69703963320785,11004.37761789839,5.900095338212753
235,T4_Meaningful_Text,1300,b,s7_stimuli_t4.jpg,158,1118247.761,1118263.762,16.001000000163913,1402.605,506.52,508.225,11.904999999999973,1.705000000000041,19.5732800484434,2.8031913039006566,28.609193497427185,3.781675002533856,1414.51,19.810110117477286,28.666305740918713,12.02647288276989
236,T4_Meaningful_Text,1300,b,s7_stimuli_t4.jpg,158,1118807.788,1118891.746,83.95800000010058,1393.23,592.4300000000001,498.075,1025.65,94.35500000000008,321.36008797075993,30.650443857775354,584.4350783712524,81.27219029202506,367.58000000000004,324.5461582564968,584.4355259140061,1029.9809651275116
237,T4_Meaningful_Text,1300,b,s7_stimuli_t4.jpg,158,1119027.6,1119071.575,43.9749999998603,348.855,600.1500000000001,599.19,52.81000000000006,0.9600000000000364,31.59255562662527,2.7998197920600045,82.00063738677022,5.069225315610484,296.04499999999996,31.84836422268686,82.02359812780121,52.818724899414285
238,T4_Meaningful_Text,1300,b,s7_stimuli_t4.jpg,158,1119687.69,1119755.67,67.97999999998137,296.56500000000005,530.03,615.58,965.6549999999997,85.55000000000007,373.6932957954211,36.024435790957035,573.5439687911584,71.04748365640769,1262.2199999999998,376.20884841026185,576.6973583158451,969.4371467635225
239,T4_Meaningful_Text,1300,b,s7_stimuli_t4.jpg,158,1119907.65,1119935.657,28.006999999983236,1279.555,523.64,535.05,78.13499999999999,11.409999999999968,73.39312409749269,10.717547142259862,180.85038904878576,17.785868110414484,1357.69,74.73480915811469,181.71324027493085,78.96370257909642
240,T4_Meaningful_Text,1300,b,s7_stimuli_t4.jpg,158,1120027.679,1120091.692,64.01300000003539,1375.0,687.9549999999999,507.845,1105.885,180.1099999999999,825.53260630911,571.1930701143556,4302.076024385732,4384.210924893752,269.115,1069.6916034925762,5509.624772566263,1120.455820336081
241,T4_Meaningful_Text,1300,b,s7_stimuli_t4.jpg,158,1120267.686,1120279.672,11.986000000033528,303.79499999999996,618.24,634.64,16.17999999999995,16.399999999999977,35.513948498714825,35.99440830654117,58.63993626227419,46.91853406723244,287.615,52.881463568411,75.09987326128874,23.038064154785175
242,T4_Meaningful_Text,1300,b,s7_stimuli_t4.jpg,158,1120795.542,1120819.543,24.001000000163913,285.25,610.66,610.1600000000001,22.860000000000014,0.4999999999998863,26.99762864515702,5.480473346179547,63.46637178164999,8.714294571055888,308.11,28.105434572341263,63.75414555648973,22.86546741267277
243,T4_Meaningful_Text,1300,b,s7_stimuli_t4.jpg,158,1122647.406,1122671.403,23.996999999973923,325.605,609.51,609.88,19.069999999999993,0.37000000000000455,20.90572891870896,12.66185941780627,46.01640260894157,24.99818869537622,344.675,27.501919496001687,46.52706830776266,19.07358906970578
244,T4_Meaningful_Text,1300,b,s7_stimuli_t4.jpg,158,1123987.287,1124011.289,24.002000000094995,372.55,608.2149999999999,606.96,45.214999999999975,1.2549999999998818,49.55777223524294,3.0851549833074183,109.83299572575714,8.383357427274925,417.765,50.4171134581751,109.84048300983929,45.23241370963965
245,T4_Meaningful_Text,1300,b,s7_stimuli_t4.jpg,158,1124727.291,1124779.255,51.963999999919906,426.145,585.185,591.0899999999999,39.245000000000005,5.904999999999973,25.332733022081342,8.837359987960404,91.09159179890274,35.714996541801675,465.39,28.726171246764775,91.24746617686417,39.68676164667508
246,T4_Meaningful_Text,1300,b,s7_stimuli_t4.jpg,158,1124911.152,1125151.157,240.00499999988824,484.34499999999997,599.345,584.69,0.38499999999993406,14.654999999999973,381.4231935548565,671.1552651571434,2960.6898015487504,5063.597060131518,483.96000000000004,776.1006766574718,5696.30534554095,14.660056275471767
247,T4_Meaningful_Text,1300,b,s7_stimuli_t4.jpg,158,1125467.126,1125503.123,35.99699999997392,495.34000000000003,616.16,619.895,9.280000000000086,3.7350000000000136,8.170586708005182,7.721090768540176,17.92185109896353,16.04745566292462,486.05999999999995,12.11868730206227,20.473533916548863,10.003430661528158
248,T4_Meaningful_Text,1300,b,s7_stimuli_t4.jpg,158,1125683.224,1125703.238,20.013999999966472,486.015,599.5550000000001,601.4200000000001,35.370000000000005,1.865000000000009,46.49176985407378,10.718802051461342,97.85554883812411,25.071787697612432,521.385,48.544586351749736,101.01635004673571,35.41913501202423
249,T4_Meaningful_Text,1300,b,s7_stimuli_t4.jpg,158,1126306.92,1126338.91,31.989999999990687,514.94,599.405,604.395,20.605000000000018,4.990000000000009,16.945113380318805,7.574099955171682,26.55076866360992,14.14371202419278,535.5450000000001,19.33593149354946,29.24967100895382,21.2006161467067
250,T4_Meaningful_Text,1300,b,s7_stimuli_t4.jpg,158,1127427.076,1127451.076,24.0,530.78,602.795,607.815,26.625,5.0200000000000955,33.9419033198412,7.607195512342801,88.721383972483,14.10729196597289,557.405,35.79798015517396,88.8005484611178,27.09411421323829
251,T4_Meaningful_Text,1300,b,s7_stimuli_t4.jpg,158,1127714.906,1127734.879,19.972999999998137,561.875,589.605,599.095,32.190000000000055,9.490000000000009,42.39927709435008,17.04393065543419,74.77332692834734,33.81426981744274,594.065,46.09273187835121,82.06372684213369,33.55974076181167
252,T4_Meaningful_Text,1300,b,s7_stimuli_t4.jpg,158,1127846.768,1127870.762,23.994000000180677,602.76,593.835,598.1400000000001,44.28499999999997,4.305000000000064,48.554595892068214,7.1102304245794725,130.45107416560984,28.024285220026492,558.475,49.72767076359374,130.46023410737757,44.4937551798002
253,T4_Meaningful_Text,1300,b,s7_stimuli_t4.jpg,158,1128086.839,1128110.851,24.012000000104308,548.575,607.43,610.835,45.92999999999995,3.4050000000000864,50.31704166114516,9.482948072236262,109.44942970373779,20.415941028776636,594.505,53.93016659884179,110.29610069860912,46.05604113468716
254,T4_Meaningful_Text,1300,b,s7_stimuli_t4.jpg,158,1128510.858,1128662.851,151.99300000001676,608.9200000000001,597.9200000000001,595.985,13.519999999999982,1.9350000000000591,628.049056427974,774.6531704450899,4157.935223220418,5417.962691480302,622.44,1004.4752241477559,6521.468330622941,13.657767936233203
255,T4_Meaningful_Text,1300,b,s7_stimuli_t4.jpg,158,1128766.907,1128862.953,96.0460000000894,612.21,592.22,583.385,56.914999999999964,8.835000000000036,18.600716867673405,8.662488647902913,100.67375470947388,21.331135098416972,669.125,23.136536947091304,101.59800574510163,57.596653114569044
256,T4_Meaningful_Text,1300,b,s7_stimuli_t4.jpg,158,1129734.819,1129822.836,88.01699999999255,691.2249999999999,586.23,583.365,40.47000000000003,2.865000000000009,19.944565835839857,5.707115521413685,112.10685813860604,20.251561471378487,731.6949999999999,22.870124691482797,112.12598912981439,40.57128448792326
257,T4_Meaningful_Text,1300,b,s7_stimuli_t4.jpg,158,1130202.714,1130238.702,35.98800000012852,760.0350000000001,595.3199999999999,596.125,19.864999999999895,0.8050000000000637,14.52137624677336,2.8547147674308047,26.80726813887618,5.231192338927529,779.9,15.038726033433672,26.82542341323134,19.881304031677498
258,T4_Meaningful_Text,1300,b,s7_stimuli_t4.jpg,158,1131730.648,1131762.636,31.987999999895692,783.135,585.995,601.595,26.24000000000001,15.600000000000023,21.5799847499338,12.829675663879062,48.067748472782185,17.367162671566124,809.375,26.359857015558582,49.46639242309617,30.52699788711627
259,T4_Meaningful_Text,1300,b,s7_stimuli_t4.jpg,158,1131874.594,1132042.629,168.03499999991618,819.255,608.19,596.03,25.245000000000005,12.160000000000082,253.60912636344983,197.74898585963834,5379.584023126675,4103.50551904949,794.01,322.7286654689534,6765.994517197705,28.020985439488065
260,T4_Meaningful_Text,1300,b,s7_stimuli_t4.jpg,158,1132266.535,1132298.512,31.977000000188127,779.085,599.145,615.5450000000001,5.210000000000036,16.40000000000009,4.286169046428361,14.512783034141124,7.272847466603277,34.883340788009995,773.875,17.052846739335756,34.96099366653529,17.20767561293516
261,T4_Meaningful_Text,1300,b,s7_stimuli_t4.jpg,158,1132834.517,1132862.506,27.989000000059605,786.8399999999999,593.2249999999999,607.71,13.050000000000068,14.485000000000127,12.265797931029102,13.614943876076465,23.18910924896535,22.931704779999674,799.89,18.867611739305698,26.992279799032158,19.496608038323114
262,T4_Meaningful_Text,1300,b,s7_stimuli_t4.jpg,158,1133034.511,1133094.521,60.01000000000931,811.7550000000001,586.3399999999999,581.3199999999999,42.38999999999987,5.019999999999982,20.14773167158161,4.800209643323566,81.335005000308,17.555736730057376,854.145,22.44009854950526,81.33883201718695,42.68620971695647
263,T4_Meaningful_Text,1300,b,s7_stimuli_t4.jpg,158,1133694.221,1133726.197,31.976000000024214,858.6800000000001,601.0150000000001,606.85,19.61999999999989,5.834999999999923,17.498930306843242,8.93679493274114,38.31128847594611,19.533173491346677,878.3,21.566068807704035,38.840647981545786,20.469284916674418
264,T4_Meaningful_Text,1300,b,s7_stimuli_t4.jpg,158,1134514.45,1134538.444,23.993999999947846,887.9000000000001,597.75,610.1600000000001,20.969999999999914,12.410000000000082,22.991755128205536,13.60647024996156,39.30636248583581,19.93276624920794,908.87,28.295533888066668,43.61989921878178,24.366965342446697
265,T4_Meaningful_Text,1300,b,s7_stimuli_t4.jpg,158,1135154.063,1135178.086,24.022999999811873,911.3599999999999,598.3599999999999,606.8199999999999,22.800000000000182,8.460000000000036,24.96823189822997,10.096573528395776,37.35190442537206,18.790931689808883,934.1600000000001,27.389562420927334,39.414115401473545,24.31895556967875
266,T4_Meaningful_Text,1300,b,s7_stimuli_t4.jpg,158,1135714.261,1135842.295,128.0339999999851,957.0450000000001,604.585,579.635,0.2600000000001046,24.950000000000045,393.24319832420787,244.3199310156566,6294.318526608223,3990.171235874922,956.785,462.9930928332817,7430.878737082795,24.951354672642573
267,T4_Meaningful_Text,1300,b,s7_stimuli_t4.jpg,158,1136374.295,1136530.069,155.77399999997579,952.77,580.66,592.255,12.990000000000009,11.595000000000027,323.978909314149,201.3175897457017,6353.0329153700495,3887.0606152267237,965.76,382.42806716682213,7447.83642746147,17.412183234735412
268,T4_Meaningful_Text,1300,b,s7_stimuli_t4.jpg,158,1136597.999,1136621.999,24.0,970.28,593.885,583.9549999999999,4.215000000000032,9.930000000000064,4.707911343734009,10.884647181205354,7.530465874610929,30.74666197712111,974.495,12.99863127179229,30.78715137978927,10.787544901412996
269,T4_Meaningful_Text,1300,b,s7_stimuli_t4.jpg,158,1137974.077,1137994.066,19.989000000059605,991.2,608.835,616.14,1.3199999999999363,7.30499999999995,3.4481339648573472,9.614376118618939,10.626887581594005,16.52022365620859,992.52,11.214502334387472,16.801326417741425,7.4233028363390305
270,T4_Meaningful_Text,1300,b,s7_stimuli_t4.jpg,158,1138569.991,1138577.992,8.001000000163913,1042.995,622.25,627.2750000000001,2.4600000000000364,5.025000000000091,8.08828790243141,16.523129006948388,9.665517974415177,23.8738787116466,1045.455,19.03539769162123,24.7458270989241,5.594839139778827
271,T4_Meaningful_Text,1300,b,s7_stimuli_t4.jpg,158,1141629.729,1141641.729,12.0,1062.15,592.4300000000001,596.145,10.929999999999836,3.714999999999918,23.96156972619777,10.13927355751701,44.82106981263721,26.767682191845804,1073.08,26.508143206742414,52.20571912226627,11.54409481076779
272,T4_Meaningful_Text,1300,b,s7_stimuli_t4.jpg,158,1142973.588,1142989.593,16.005000000121072,1108.0500000000002,572.755,571.27,10.5300000000002,1.4850000000000136,22.584736649605343,2.621625977773412,32.18551733844027,4.701255341570153,1097.52,22.81112142007231,32.187548931772795,10.63419602038651
273,T4_Meaningful_Text,1300,b,s7_stimuli_t4.jpg,158,1143477.71,1143501.723,24.01300000003539,1090.52,590.02,589.24,17.139999999999873,0.7799999999999727,23.00385289172287,10.922856009849108,84.87605193538471,30.43548705875713,1107.6599999999999,29.819660759133598,84.98020209135882,17.15773877875507
274,T4_Meaningful_Text,1300,b,s7_stimuli_t4.jpg,158,1143977.298,1144121.474,144.17599999997765,1126.305,603.06,592.95,43.424999999999955,10.1099999999999,1850.9501269920588,992.0609936643691,8743.008671874848,4711.8648292123435,1169.73,2108.8240758099078,9884.925782767168,44.586351330872475
275,T4_Meaningful_Text,1300,b,s7_stimuli_t4.jpg,158,1144757.485,1144781.476,23.99099999992177,1151.2350000000001,580.89,593.17,28.7800000000002,12.279999999999973,31.557300797633985,13.46556707508884,55.16047689756252,25.590251059213543,1122.455,35.68088305981588,59.497649001825614,31.29036273359596
276,T4_Meaningful_Text,1300,b,s7_stimuli_t4.jpg,158,1145029.441,1145069.449,40.00799999991432,1126.735,557.6500000000001,557.305,55.539999999999964,0.34500000000014097,38.79400293219766,9.649347957693896,123.38329578260056,32.02113777917871,1071.195,43.7652194728874,123.67224880828802,55.541071514690785
277,T4_Meaningful_Text,1300,b,s7_stimuli_t4.jpg,158,1145577.386,1145601.388,24.002000000094995,1051.8400000000001,574.4749999999999,579.415,106.27999999999975,4.940000000000055,116.48417891068239,5.831112749879362,305.21996217577225,12.134244138564375,1158.12,117.62884287572452,305.22251886563373,106.39474611088626
278,T4_Meaningful_Text,1300,b,s7_stimuli_t4.jpg,158,1145977.341,1146005.34,27.999000000068918,1159.445,594.79,593.4100000000001,31.569999999999936,1.3799999999998818,30.26452115982791,2.5932648711223765,54.58765655831018,10.12831218069908,1127.875,31.47996869197425,54.58801313205415,31.600147151556047
279,T4_Meaningful_Text,1300,b,s7_stimuli_t4.jpg,158,1146193.334,1146221.336,28.001999999862164,1132.3200000000002,593.685,604.6800000000001,14.279999999999745,10.995000000000118,13.415785914687865,10.329778114558012,18.80972262129669,16.014571532468583,1146.6,17.195686916223035,24.603681377691647,18.022442259582782
280,T4_Meaningful_Text,1300,b,s7_stimuli_t4.jpg,158,1147537.06,1147573.097,36.037000000011176,1174.04,596.02,600.81,22.72499999999991,4.789999999999964,16.589660844502713,3.5114221475223424,29.99321788950285,11.793609224897207,1196.7649999999999,17.316667165474417,29.997823191731154,23.224334759040904
281,T4_Meaningful_Text,1300,b,s7_stimuli_t4.jpg,158,1149357.114,1149385.114,28.0,1226.5549999999998,594.21,591.245,11.125000000000227,2.965000000000032,10.83766985198134,5.613790842270333,23.150427841596613,8.089496092376251,1237.68,12.504590657073152,24.395769877393896,11.513333574599724
282,T4_Meaningful_Text,1300,b,s7_stimuli_t4.jpg,158,1149661.125,1149872.847,211.72200000006706,1262.975,584.23,593.39,10.024999999999864,9.159999999999968,702.6340383423834,381.36027108534347,9378.810887945565,4958.999326719894,1252.95,805.0248401496474,10609.13606257619,13.579625363020758
283,T4_Meaningful_Text,1300,b,s7_stimuli_t4.jpg,158,1150136.916,1150160.924,24.00800000014715,1248.27,602.215,606.6700000000001,48.00999999999999,4.455000000000041,52.610413943483856,11.598872670920523,172.53278343443034,19.594043240647903,1200.26,57.56455026247824,172.79782043907812,48.21625374290292
284,T4_Meaningful_Text,1300,b,s7_stimuli_t4.jpg,158,1150416.955,1150456.95,39.99499999987893,1194.395,593.215,598.23,66.28499999999985,5.014999999999986,45.13908542101184,6.639980232467411,170.4810684218325,12.759042617244013,1260.6799999999998,47.30883255797846,170.64884285106575,66.4744420811486
285,T4_Meaningful_Text,1300,b,s7_stimuli_t4.jpg,158,1150648.969,1150656.97,8.000999999931082,1258.9299999999998,594.115,594.98,2.2500000000002274,0.8650000000000091,7.39805814118963,2.8441279779790047,7.826423048721982,2.8938034801999506,1261.18,7.9266565218986536,8.344279257046953,2.410544544288912
286,T4_Meaningful_Text,1300,b,s7_stimuli_t4.jpg,158,1151596.837,1151620.839,24.001999999862164,1291.5949999999998,601.78,606.185,15.735000000000127,4.404999999999973,17.24640727874164,5.036101979265198,32.91701458726958,14.991415634656425,1307.33,18.653376907272676,32.99066688434282,16.339958690278376
287,T4_Meaningful_Text,1300,b,s7_stimuli_t4.jpg,158,1152736.617,1152760.642,24.024999999906868,1324.9699999999998,589.745,591.935,22.88000000000011,2.189999999999941,25.052616540116958,2.7595006154688555,47.06412878494734,5.551866181080049,1347.85,25.333776187671152,47.06441527288045,22.98457091180962
288,T4_Meaningful_Text,1300,b,s7_stimuli_t4.jpg,158,1153068.76,1153120.752,51.99200000008568,1374.9850000000001,574.38,577.8399999999999,31.054999999999836,3.4599999999999227,18.949759895294378,7.002825177093974,63.319005509535664,13.946357903737152,1406.04,22.27275788530918,64.0724440875863,31.24715387039257
289,T4_Meaningful_Text,1300,b,s7_stimuli_t4.jpg,158,1153396.74,1153420.75,24.010000000009313,1411.905,585.635,579.64,71.38499999999999,5.9950000000000045,81.76838733442024,6.842496917981862,239.82977424302555,16.466716000472253,1340.52,84.59501206625646,239.888175391551,71.63629143108959
290,T4_Meaningful_Text,1300,b,s7_stimuli_t4.jpg,158,1153592.744,1153656.71,63.9660000000149,1291.395,636.035,595.1700000000001,887.285,40.864999999999895,364.9176659342629,24.028158613811936,608.2001356715334,83.10686696452946,404.11,366.9122640837503,608.2867538174406,888.2255453712193
291,T4_Meaningful_Text,1300,b,s7_stimuli_t4.jpg,158,1153796.689,1153832.691,36.002000000094995,391.36,656.81,650.44,126.805,6.369999999999891,92.65372471139405,11.296402447633811,296.3188995463472,28.897926188807595,264.555,94.97424359331323,296.3970743472859,126.96489642810724
292,T4_Meaningful_Text,1300,b,s7_stimuli_t4.jpg,158,1154096.698,1154120.687,23.988999999826774,255.995,676.81,675.9,42.375,0.9099999999999682,47.864750904913144,6.327182322092075,124.56508617040967,12.633823007219029,298.37,49.765388246329515,125.08663755836736,42.38476996516555
293,T4_Meaningful_Text,1300,b,s7_stimuli_t4.jpg,158,1155176.576,1155200.573,23.997000000206754,307.70000000000005,711.425,707.245,37.25,4.17999999999995,45.10131403492873,6.226554047911171,119.07031983157117,18.842606751754218,344.95000000000005,47.887254210366315,119.14473143113743,37.48379516537779
294,T4_Meaningful_Text,1300,b,s7_stimuli_t4.jpg,158,1155476.572,1155560.554,83.98200000007637,358.015,697.135,702.08,57.085000000000036,4.94500000000005,21.09101506390877,3.5069015208758922,141.92530984878624,9.670351942122275,415.1,22.685380754531234,141.95823905608069,57.298780528035714
295,T4_Meaningful_Text,1300,b,s7_stimuli_t4.jpg,158,1156216.461,1156240.464,24.003000000026077,459.355,699.7349999999999,702.635,19.08499999999998,2.900000000000091,24.1938791358449,5.973239424783153,67.52712217891361,16.73383894307112,478.44,27.696518970833537,67.52741028268395,19.30407275680445
296,T4_Meaningful_Text,1300,b,s7_stimuli_t4.jpg,158,1157176.164,1157200.158,23.993999999947846,485.365,696.255,688.825,17.559999999999945,7.42999999999995,23.346645983945095,14.53948286321036,62.92449456812014,38.00017076169089,502.92499999999995,31.869354235117214,62.940372282863635,19.06721007384136
297,T4_Meaningful_Text,1300,b,s7_stimuli_t4.jpg,158,1157316.193,1157356.205,40.01200000010431,515.265,693.155,697.52,34.10000000000002,4.365000000000009,22.420414596069882,4.000955709631011,41.65377984453879,11.835328131934602,481.16499999999996,22.96229052783562,42.294039170930056,34.37823766570941
298,T4_Meaningful_Text,1300,b,s7_stimuli_t4.jpg,158,1157472.248,1157520.263,48.015000000130385,480.78499999999997,689.565,694.475,26.57000000000005,4.909999999999968,15.095130857517105,3.156180075335295,37.51141499593839,9.66793435430336,507.355,15.573230724198424,38.159431725645554,27.019863064049794
299,T4_Meaningful_Text,1300,b,s7_stimuli_t4.jpg,158,1157880.345,1157944.319,63.97399999992922,509.025,700.47,696.565,34.45500000000004,3.9049999999999727,20.324517326069618,10.253705298565436,81.63882149777811,23.52391523479804,543.48,25.24764742236538,82.48368744339385,34.67558290786187
300,T4_Meaningful_Text,1300,b,s7_stimuli_t4.jpg,158,1159164.204,1159180.205,16.001000000163913,551.4,670.5799999999999,681.355,8.065000000000055,10.775000000000091,13.259251664931579,17.71519928345577,20.383065116110256,22.525629362916977,559.465,22.939559040903323,27.203778802609335,13.459006278325411
301,T4_Meaningful_Text,1300,b,s7_stimuli_t4.jpg,158,1159396.214,1159564.264,168.05000000004657,576.0350000000001,715.135,684.87,69.8350000000001,30.264999999999986,321.52371070503534,546.6372201175524,3704.6603690036995,5554.549624020628,506.2,640.0212843162396,6478.8726520369955,76.11108624898223
302,T4_Meaningful_Text,1300,b,s7_stimuli_t4.jpg,158,1159756.241,1159780.228,23.98699999996461,530.335,683.11,680.365,36.085000000000036,2.7450000000000045,39.577066432304555,4.304572217134946,107.45329672286584,7.336829506369845,566.4200000000001,40.76192285773936,107.4663967220252,36.18925600229995
303,T4_Meaningful_Text,1300,b,s7_stimuli_t4.jpg,158,1159916.089,1159940.064,23.975000000093132,580.55,687.31,689.47,21.504999999999995,2.160000000000082,23.596053365066116,3.7854783153749954,42.199654900083615,6.089653788233966,559.045,23.940720167186896,42.47243155444811,21.61320487572355
304,T4_Meaningful_Text,1300,b,s7_stimuli_t4.jpg,158,1160428.024,1160444.02,15.99600000004284,576.675,680.995,683.6099999999999,7.085000000000036,2.6149999999998954,11.652116243354339,4.843399059462714,16.511961479405695,9.176966638952482,583.76,12.866132884748202,17.497371822765707,7.552181803955726
305,T4_Meaningful_Text,1300,b,s7_stimuli_t4.jpg,158,1161236.12,1161260.123,24.002999999793246,624.01,676.4300000000001,694.165,23.805000000000064,17.7349999999999,26.091390447132607,19.43779225332109,54.09439460145842,31.963374804022852,647.815,35.12671112665259,57.19617644658328,29.68515201241185
306,T4_Meaningful_Text,1300,b,s7_stimuli_t4.jpg,158,1162175.903,1162199.918,24.015000000130385,662.4449999999999,688.245,684.865,21.24000000000001,3.3799999999999955,23.268194399740878,4.984461866602205,51.7337544635747,11.700899993032126,683.685,23.88508930593133,53.04047899052547,21.50725459002149
307,T4_Meaningful_Text,1300,b,s7_stimuli_t4.jpg,158,1162655.973,1162679.974,24.000999999931082,707.55,664.9449999999999,678.95,0.15499999999997272,14.00500000000011,4.0940304073275575,15.350882220375155,6.609710221819492,25.25501219083301,707.7049999999999,16.219024307740927,25.531726807282087,14.005857703118473
308,T4_Meaningful_Text,1300,b,s7_stimuli_t4.jpg,158,1162775.972,1162835.969,59.99699999997392,705.19,667.99,667.935,17.404999999999973,0.055000000000063665,8.184353802597306,5.057738792163244,20.261689784674616,10.983299572574706,687.7850000000001,10.58902202829667,20.266921983544176,17.405086900099036
309,T4_Meaningful_Text,1300,b,s7_stimuli_t4.jpg,158,1163163.831,1163187.836,24.00499999988824,690.04,676.52,674.46,17.600000000000023,2.0599999999999454,19.287935629901344,16.636320770489316,35.83474351266631,35.44023257491254,707.64,27.674985455919,43.08010316799992,17.720146726254853
310,T4_Meaningful_Text,1300,b,s7_stimuli_t4.jpg,158,1163455.793,1163491.777,35.98399999993853,716.94,674.51,689.5150000000001,24.805000000000064,15.00500000000011,19.362925557263704,11.562327760283981,59.74745463831248,23.852921040888315,692.135,25.539386086188863,59.748034381416055,28.990309587860672
311,T4_Meaningful_Text,1300,b,s7_stimuli_t4.jpg,158,1165827.53,1165859.484,31.953999999910593,673.765,674.61,690.77,2.80499999999995,16.159999999999968,2.7868526840792724,15.024331343900112,7.0148420504680615,25.978051495581248,670.96,15.423368802250373,26.185872236594964,16.401634827053023
312,T4_Meaningful_Text,1300,b,s7_stimuli_t4.jpg,158,1166519.559,1166531.56,12.001000000163913,674.5999999999999,676.87,670.5699999999999,5.3950000000000955,6.300000000000068,11.826561222567003,13.810433443807751,17.527241533482126,20.848538709619515,679.995,18.956108903897583,22.62191569385364,8.294336923467837
313,T4_Meaningful_Text,1300,b,s7_stimuli_t4.jpg,158,1166927.61,1166959.616,32.00599999981932,705.2,678.24,675.635,10.339999999999918,2.605000000000018,9.34545453859555,13.467332555271529,19.068028657005332,32.74440783359218,715.54,17.54862855245053,32.789004203772,10.663096407704396
314,T4_Meaningful_Text,1300,b,s7_stimuli_t4.jpg,158,1167255.471,1167279.437,23.9660000000149,709.415,683.415,663.855,4.894999999999982,19.559999999999945,6.558501748514133,21.469805613463198,11.161672315591703,44.21866053050234,714.31,23.28406794772026,45.60562320583342,20.163199770869646
315,T4_Meaningful_Text,1300,b,s7_stimuli_t4.jpg,158,1169495.347,1169523.346,27.998999999836087,752.86,685.47,673.9,22.31499999999994,11.57000000000005,24.603570166395905,10.871142661679217,57.11973460348476,20.03144330984824,775.175,27.983743174539523,58.899672933578096,25.136111970629
316,T4_Meaningful_Text,1300,b,s7_stimuli_t4.jpg,158,1169815.316,1169839.315,23.998999999836087,790.375,681.325,679.96,25.659999999999968,1.365000000000009,28.128294954194214,2.219791188061136,33.648877678118716,7.234508700499129,816.035,28.3035646462184,33.756802442461684,25.69628037284771
317,T4_Meaningful_Text,1300,b,s7_stimuli_t4.jpg,158,1170175.194,1170207.182,31.988000000128523,835.025,684.085,696.47,40.879999999999995,12.384999999999991,37.099709675414374,11.625391206079739,98.60304049592048,25.89275704714323,875.905,40.09546322838841,101.9460370124436,42.714899332668445
318,T4_Meaningful_Text,1300,b,s7_stimuli_t4.jpg,158,1170323.146,1170347.15,24.00399999995716,879.49,660.81,660.1600000000001,30.360000000000014,0.6499999999998636,33.27198813207545,27.124298162514958,47.11118115013773,60.6231807682168,849.13,45.16741775189323,76.77651617400326,30.366957371458877
319,T4_Meaningful_Text,1300,b,s7_stimuli_t4.jpg,158,1170915.25,1170939.24,23.989999999990687,855.855,667.865,659.985,27.42999999999995,7.8799999999999955,30.08042891219603,15.495025837289065,63.89292780883412,38.65818237886417,883.285,35.01343026946305,67.28873393757465,28.53943412193026
320,T4_Meaningful_Text,1300,b,s7_stimuli_t4.jpg,158,1171882.837,1172038.902,156.06499999994412,884.4549999999999,709.4300000000001,661.885,84.74000000000001,47.54500000000007,655.9660683861822,482.93774549172696,6692.881928317868,4705.569520512518,969.1949999999999,816.8860482037524,8181.506769463698,97.16683912220263
321,T4_Meaningful_Text,1300,b,s7_stimuli_t4.jpg,158,1172318.97,1172342.974,24.00399999995716,918.565,693.485,704.965,6.5150000000001,11.480000000000018,8.751081346099982,12.581525023726243,18.509138161887442,19.495415507349698,912.05,15.56504823963256,23.798027357738253,13.199834279262816
322,T4_Meaningful_Text,1300,b,s7_stimuli_t4.jpg,158,1173482.821,1173502.828,20.006999999983236,919.63,658.425,654.19,2.3999999999999773,4.2349999999999,7.744495168266377,11.669716344458937,15.184875832770492,18.377634517045873,917.23,14.51660788717607,21.45142896440703,4.8677741319826096
323,T4_Meaningful_Text,1300,b,s7_stimuli_t4.jpg,158,1174098.89,1174130.892,32.002000000094995,928.415,715.6700000000001,698.09,5.705000000000041,17.58000000000004,33.08322286729855,17.435037957347284,63.00599395525426,54.574013052810635,934.12,44.57886004419038,65.86775879768254,18.48251673879945
324,T4_Meaningful_Text,1300,b,s7_stimuli_t4.jpg,158,1174770.67,1174782.674,12.00400000018999,951.4549999999999,711.75,719.825,3.5150000000001,8.075000000000045,8.315631296791807,18.155715268370756,23.69760925417281,32.96629969755296,954.97,20.73179885696912,40.599921183572974,8.806863800468442
325,T4_Meaningful_Text,1300,b,s7_stimuli_t4.jpg,158,1175018.792,1175042.812,24.020000000018626,971.395,675.835,678.84,51.73000000000002,3.0049999999999955,70.42647737696309,14.965991246021597,222.06440532170598,31.800038244292754,1023.125,73.30516092433433,222.9090837702212,51.81720684290115
326,T4_Meaningful_Text,1300,b,s7_stimuli_t4.jpg,158,1175670.803,1175722.803,52.0,1022.885,691.525,672.525,3.464999999999918,19.0,8.835810359554495,11.7568914010486,17.921851098964275,25.71539001722798,1019.4200000000001,16.182294385576803,27.007562373637683,19.31336907429668
327,T4_Meaningful_Text,1300,b,s7_stimuli_t4.jpg,158,1176218.787,1176250.761,31.97399999992922,1007.995,674.565,685.75,24.479999999999905,11.184999999999945,20.14223537303549,12.913769713756214,53.81937266898315,36.43005495714848,1032.475,27.65604143275071,59.22531566190504,26.91420860809387
328,T4_Meaningful_Text,1300,b,s7_stimuli_t4.jpg,158,1176698.675,1176726.671,27.99600000004284,1036.105,676.78,694.38,26.34999999999991,17.600000000000023,25.878534915882096,16.538055688648896,52.8447976440999,33.212971761381375,1062.455,34.435085522798616,54.7209419978293,31.6872608472237
329,T4_Meaningful_Text,1300,b,s7_stimuli_t4.jpg,158,1178362.544,1178378.545,16.000999999931082,1080.775,693.69,688.095,6.819999999999709,5.595000000000027,18.595312090909967,18.89894168090152,34.429684588284616,23.57792153753555,1087.5949999999998,28.132075154478844,35.93526860926365,8.821361856312002
330,T4_Meaningful_Text,1300,b,s7_stimuli_t4.jpg,158,1178754.527,1178810.524,55.99699999997392,1111.9299999999998,683.3800000000001,689.35,101.42499999999973,5.969999999999914,51.6326674267804,14.413399368012259,270.636393659576,31.042619151232163,1010.5050000000001,57.06619581804227,271.20123545811106,101.60054884202124
331,T4_Meaningful_Text,1300,b,s7_stimuli_t4.jpg,158,1179014.495,1179050.464,35.96899999980815,1003.44,671.315,676.5550000000001,97.92499999999995,5.240000000000009,71.98693183830659,5.4403073541294225,289.8675203199167,15.372261184351874,1101.365,75.25317817969366,289.8723815805706,98.06509687447411
332,T4_Meaningful_Text,1300,b,s7_stimuli_t4.jpg,158,1180038.362,1180086.382,48.02000000001863,1127.255,667.89,679.64,50.429999999999836,11.75,28.38178199507041,11.658064015120308,76.97614545530182,27.74033593853744,1177.685,33.12985204083281,77.37926991656704,51.78076283717712
333,T4_Meaningful_Text,1300,b,s7_stimuli_t4.jpg,158,1180270.453,1180302.447,31.993999999947846,1189.945,666.76,661.41,27.38499999999999,5.350000000000023,22.69008085166692,5.361084616761356,46.641357326290525,11.380754326443132,1217.33,24.200410138710883,46.79449147365811,27.90270103412929
334,T4_Meaningful_Text,1300,b,s7_stimuli_t4.jpg,158,1180634.164,1180662.141,27.976999999955297,1230.3049999999998,710.645,671.7,95.77000000000021,38.944999999999936,185.74008341018822,81.49235751144944,534.5420354958023,180.8586018465313,1326.075,209.51567974884537,564.3093314609265,103.38571431779168
335,T4_Meaningful_Text,1300,b,s7_stimuli_t4.jpg,158,1180706.134,1180722.143,16.0089999998454,1332.915,702.9200000000001,715.69,56.034999999999854,12.769999999999982,93.71140687691044,32.98145677222357,316.0557705799242,83.64828786667,1276.88,102.98556429455654,326.93774052546297,57.47168106989723
336,T4_Meaningful_Text,1300,b,s7_stimuli_t4.jpg,158,1181138.239,1181154.237,15.997999999905005,1244.2849999999999,666.375,667.825,7.105000000000246,1.4500000000000455,11.683808026150931,4.818425540077445,16.5777461874601,11.77546256897837,1251.39,13.251174288895132,16.78528739567977,7.251449855029243
337,T4_Meaningful_Text,1300,b,s7_stimuli_t4.jpg,158,1181378.212,1181410.211,31.998999999836087,1277.79,669.675,668.475,20.11999999999989,1.1999999999999318,16.54106607320462,5.302677047872917,31.7660700212814,9.86523913704406,1257.67,17.566323114907004,32.46668035920837,20.155753521017154
338,T4_Meaningful_Text,1300,b,s7_stimuli_t4.jpg,158,1181566.228,1181598.235,32.00700000021607,1257.695,670.04,668.435,6.065000000000055,1.6050000000000182,5.239758661998294,2.7903501783615847,11.70382448670691,8.514861073192098,1263.76,6.453375647002456,11.828020118261792,6.273774780783952
339,T4_Meaningful_Text,1300,b,s7_stimuli_t4.jpg,158,1181962.165,1182006.089,43.92399999988265,1274.785,679.065,662.9000000000001,11.480000000000018,16.164999999999964,8.450915845726366,10.029205239065261,29.94407671937591,23.3557210055431,1263.305,14.861504298526153,30.00496977875465,19.826689713615817
340,T4_Meaningful_Text,1300,b,s7_stimuli_t4.jpg,158,1182117.966,1182129.979,12.01300000003539,1261.1100000000001,686.935,690.365,10.209999999999809,3.4300000000000637,22.358181416539605,7.511740959950056,31.102393549721707,13.009106554483129,1271.32,24.057788899475252,31.248819622116415,10.7707474206759
341,T4_Meaningful_Text,1300,b,s7_stimuli_t4.jpg,158,1182758.148,1182790.156,32.00799999991432,1299.06,664.65,669.905,25.38000000000011,5.2549999999999955,20.859765833481166,6.612167696279128,37.70867046699892,12.262714981857327,1324.44,23.103267675161725,37.97281630147084,25.91832218720968
342,T4_Meaningful_Text,1300,b,s7_stimuli_t4.jpg,158,1183522.209,1183534.197,11.987999999895692,1349.035,664.7,662.2149999999999,3.5799999999999272,2.4850000000001273,7.856202004474468,5.453257536533307,10.039699489293387,10.17136767872565,1352.615,9.953292129774184,13.994391530191928,4.357938159267535
343,T4_Meaningful_Text,1300,b,s7_stimuli_t4.jpg,158,1185629.9,1185685.9,56.0,1389.3249999999998,887.425,652.915,910.5399999999997,234.51,427.7473735163856,110.16653476324775,744.1678722376903,293.03048650066586,478.785,456.19773843870837,799.7829005983988,940.254237799543
344,T4_Meaningful_Text,1300,b,s7_stimuli_t4.jpg,158,1185857.916,1185885.921,28.005000000121072,326.03,766.155,770.22,56.92999999999995,4.065000000000055,61.503949918610594,4.532572562140042,177.0481583794842,8.679240630590995,269.1,62.23705232207544,177.07808688283478,57.07494305735219
345,T4_Meaningful_Text,1300,b,s7_stimuli_t4.jpg,158,1186729.762,1186741.758,11.99599999981001,277.285,744.9749999999999,743.335,10.175000000000011,1.6399999999998727,22.314061303990652,3.640558818598265,24.971540787708477,5.658899888649987,287.46000000000004,22.75271618231298,25.604706545124685,10.306319663196936
346,T4_Meaningful_Text,1300,b,s7_stimuli_t4.jpg,158,1187705.762,1187741.752,35.98999999999069,299.245,763.205,748.5999999999999,24.735000000000014,14.605000000000132,18.08034316077639,10.675546910463206,43.25344491119192,29.14262524054524,323.98,22.85748125939007,43.2670624531323,28.725010879023255
347,T4_Meaningful_Text,1300,b,s7_stimuli_t4.jpg,158,1189085.641,1189101.646,16.00499999988824,281.48,772.12,766.51,5.725000000000023,5.610000000000014,9.410127921651846,9.220321286415182,10.35591211604598,21.95562133396251,287.20500000000004,13.98925043533033,23.974793770926027,8.015467859083486
348,T4_Meaningful_Text,1300,b,s7_stimuli_t4.jpg,158,1189401.38,1189537.356,135.97600000002421,322.905,921.575,772.8,71.49999999999997,148.7750000000001,111.081709586559,402.8248978221784,1684.1213938387534,6361.348283178473,251.405,418.2224078571086,6580.502780873441,165.06438327210392
349,T4_Meaningful_Text,1300,b,s7_stimuli_t4.jpg,158,1189653.476,1189673.496,20.020000000018626,322.205,776.71,788.29,0.21000000000003638,11.579999999999927,9.001250494673062,15.216712515236026,13.600429579686738,37.94322745057529,322.415,19.360239710469155,38.864062955504714,11.581903988550343
350,T4_Meaningful_Text,1300,b,s7_stimuli_t4.jpg,158,1190229.506,1190253.502,23.99600000004284,348.555,761.565,764.49,24.33499999999998,2.9249999999999545,26.678021747467117,4.818477619606186,44.06473481213007,9.834813709844543,372.89,27.778856961999566,44.081529512557694,24.51015809822529
351,T4_Meaningful_Text,1300,b,s7_stimuli_t4.jpg,158,1190489.478,1190513.481,24.003000000026077,368.685,765.9449999999999,764.405,33.83499999999998,1.5399999999999636,37.081140546906155,9.381553659287349,93.92647909149464,18.48088131672885,402.52,39.98495747825132,94.05412740907362,33.87002841746665
352,T4_Meaningful_Text,1300,b,s7_stimuli_t4.jpg,158,1191161.375,1191173.381,12.006000000052154,411.28499999999997,781.235,783.935,9.819999999999936,2.699999999999932,21.5173853798854,12.358253924738767,35.69431851807087,15.414949709025134,401.46500000000003,26.9987630697289,37.65641256942697,10.184419472900672
353,T4_Meaningful_Text,1300,b,s7_stimuli_t4.jpg,158,1193189.276,1193213.282,24.005999999819323,363.42499999999995,806.0,811.685,17.575000000000045,5.684999999999945,19.25980480823576,6.909420729101169,33.46767788614149,18.11462722415514,381.0,21.47870925029862,33.62239895853045,18.471595762142506
354,T4_Meaningful_Text,1300,b,s7_stimuli_t4.jpg,158,1193852.999,1193997.017,144.01799999992363,408.20000000000005,921.41,807.785,9.509999999999991,113.625,150.93928075002978,344.65043802688365,2744.461565087424,6053.899429477873,417.71000000000004,376.62307616838297,6646.9367068202655,114.02228170405994
355,T4_Meaningful_Text,1300,b,s7_stimuli_t4.jpg,158,1194109.138,1194137.143,28.00499999988824,430.855,828.645,854.245,11.275000000000034,25.600000000000023,16.922871911372848,24.959001006596623,25.774714599936395,46.38791109758917,419.58,32.60248464047536,46.56669485523827,27.972944517873014
356,T4_Meaningful_Text,1300,b,s7_stimuli_t4.jpg,158,1194309.173,1194333.168,23.99500000011176,419.78499999999997,805.325,798.13,11.950000000000045,7.19500000000005,13.10203068460124,9.773939675918617,20.590613318940214,24.044310442526445,431.735,18.291421399873034,24.927999148143254,13.948853895571556
357,T4_Meaningful_Text,1300,b,s7_stimuli_t4.jpg,158,1194749.106,1194781.124,32.01800000015646,434.21500000000003,923.6600000000001,784.28,46.98000000000002,139.3800000000001,674.9785796522597,1529.1500112359438,2753.195474043037,6071.715329739015,387.235,1676.909229568213,6583.716291026463,147.0846858105902
358,T4_Meaningful_Text,1300,b,s7_stimuli_t4.jpg,158,1194821.147,1195037.19,216.0429999998305,377.25,800.03,900.185,65.58500000000004,100.15499999999997,104.39443364422083,234.68106952295616,2572.6899462888073,5941.833532241639,442.83500000000004,258.00728140805,6474.883727497094,119.71806985580749
359,T4_Meaningful_Text,1300,b,s7_stimuli_t4.jpg,158,1195252.97,1195276.93,23.959999999962747,458.875,760.78,776.72,4.039999999999964,15.940000000000055,5.841187403831603,17.50195980576953,12.386108742008844,23.7780092039354,454.83500000000004,18.88034036683202,25.567934972815756,16.44400194599847
360,T4_Meaningful_Text,1300,b,s7_stimuli_t4.jpg,158,1195608.969,1195644.981,36.01199999987148,487.015,751.04,776.315,4.240000000000009,25.27500000000009,21.564964996601088,19.26624800468322,44.94137099249054,47.03367384566018,491.255,32.72446691706263,54.37255872953778,25.628172486543097
361,T4_Meaningful_Text,1300,b,s7_stimuli_t4.jpg,158,1196189.039,1196261.167,72.12799999979325,511.565,790.75,770.965,2.8899999999999864,19.784999999999968,7.648483541418809,10.947395538319576,15.986594991300809,24.8169729228399,508.675,14.468601524870571,25.73913458702973,19.994957489327117
362,T4_Meaningful_Text,1300,b,s7_stimuli_t4.jpg,158,1196573.054,1196601.028,27.97399999992922,487.65999999999997,808.925,800.755,20.660000000000025,8.169999999999959,19.428367567421844,8.43534666450345,45.41416065118736,19.74528723964658,508.32,22.35060983065285,45.53087273241581,22.2167616902194
363,T4_Meaningful_Text,1300,b,s7_stimuli_t4.jpg,158,1196664.968,1196704.93,39.96199999982491,510.69,792.04,801.7349999999999,13.329999999999984,9.694999999999936,9.55189635124555,7.89611697851668,15.800182801903029,19.585643265999725,497.36,13.367433463421126,22.008929732686532,16.48277661682031
364,T4_Meaningful_Text,1300,b,s7_stimuli_t4.jpg,158,1198192.79,1198216.77,23.979999999981374,486.53,796.915,795.3050000000001,26.414999999999964,1.6099999999999,28.98013458290761,4.212500888653481,65.80117796042597,7.4703003389995635,512.9449999999999,30.07434963729578,65.82014493105727,26.46401944149826
365,T4_Meaningful_Text,1300,b,s7_stimuli_t4.jpg,158,1198592.782,1198616.784,24.002000000094995,515.98,823.705,813.5,32.315000000000055,10.205000000000041,81.84580762400236,16.424968384526863,139.29717661506257,39.658261330917696,548.2950000000001,85.9442232397667,139.3856507676185,33.88806943453705
366,T4_Meaningful_Text,1300,b,s7_stimuli_t4.jpg,158,1199512.69,1199536.679,23.989000000059605,555.26,799.035,795.6949999999999,33.575000000000045,3.340000000000032,36.8208287816081,5.220118524800459,79.15879727500298,13.127331717675117,588.835,37.35250978244296,79.75961923481854,33.74072057618218
367,T4_Meaningful_Text,1300,b,s7_stimuli_t4.jpg,158,1201900.504,1201940.51,40.006000000052154,594.1700000000001,751.8199999999999,775.35,12.620000000000118,23.530000000000086,8.298685517130316,15.472583365252225,13.778450661405053,24.755561342630415,581.55,17.908803774231068,25.19800823820817,26.700661040506226
368,T4_Meaningful_Text,1300,b,s7_stimuli_t4.jpg,158,1202404.465,1202416.465,12.0,595.48,775.815,769.395,1.42999999999995,6.420000000000073,3.1349537702161143,14.074407835516354,4.406473481212745,19.434521099977072,596.91,14.755816080350025,19.76828620340799,6.5773322859652446
369,T4_Meaningful_Text,1300,b,s7_stimuli_t4.jpg,158,1203872.437,1203896.424,23.98700000019744,631.44,806.935,806.0,47.549999999999955,0.9349999999999454,70.2866347736467,9.272937178622852,162.1669625067392,24.741236721031683,678.99,73.35464766234169,162.19771752832486,47.55919180347786
370,T4_Meaningful_Text,1300,b,s7_stimuli_t4.jpg,158,1204200.112,1204360.251,160.13899999996647,677.5,922.755,825.22,40.414999999999964,97.53499999999997,439.8200483289438,611.0007740374718,4452.460331620493,6317.660398491749,637.085,753.3617910357847,7700.276943279612,105.5767419936796
371,T4_Meaningful_Text,1300,b,s7_stimuli_t4.jpg,158,1204404.32,1204420.346,16.02599999983795,647.845,847.165,877.69,49.180000000000064,30.52500000000009,250.85005335856897,123.87251341795346,345.73063336422234,177.52670577608328,697.0250000000001,280.0365624088328,385.28434703200446,57.88305473106971
372,T4_Meaningful_Text,1300,b,s7_stimuli_t4.jpg,158,1205400.261,1205436.262,36.00100000016391,713.17,808.185,791.2,43.47500000000002,16.9849999999999,31.7696197064848,14.684154625985197,72.312202874533,31.40434458625678,756.645,37.86821933951282,77.36179522117807,46.675109533883244
373,T4_Meaningful_Text,1300,b,s7_stimuli_t4.jpg,158,1205828.106,1205852.115,24.00900000007823,748.5,808.535,821.3050000000001,33.73000000000002,12.770000000000095,50.412492500164376,19.49238148145575,133.31137744870497,27.050114308161866,782.23,57.53086207783576,134.74293318940755,36.06640819377504
374,T4_Meaningful_Text,1300,b,s7_stimuli_t4.jpg,158,1206348.028,1206372.032,24.00399999995716,783.365,802.2249999999999,798.465,28.680000000000064,3.759999999999877,33.470407955885435,5.249300895366095,56.743823210331556,15.057167457616133,812.0450000000001,35.33515363289171,56.963434465973315,28.925421345245827
375,T4_Meaningful_Text,1300,b,s7_stimuli_t4.jpg,158,1207107.993,1207131.992,23.999000000068918,837.525,780.115,797.835,8.919999999999959,17.720000000000027,12.431316911589477,24.139147319749156,26.774375785331575,52.693550378501975,846.4449999999999,27.852023733384197,59.1056465169435,19.8384676827622
376,T4_Meaningful_Text,1300,b,s7_stimuli_t4.jpg,158,1207343.983,1207399.979,55.99600000004284,849.065,745.48,744.14,32.48000000000002,1.3400000000000318,16.311903137031546,8.686877619601816,42.66138254738982,23.97253110301695,881.5450000000001,20.177156148752005,46.665823006173326,32.50762987361584
377,T4_Meaningful_Text,1300,b,s7_stimuli_t4.jpg,158,1207720.024,1207768.02,47.99600000004284,861.35,766.39,772.28,38.90999999999997,5.889999999999986,22.110939015575017,9.477553412008566,45.28144763903218,25.62314341276156,900.26,25.40958691807967,46.32273434229873,39.353274323745886
378,T4_Meaningful_Text,1300,b,s7_stimuli_t4.jpg,158,1208507.835,1208543.844,36.00900000007823,921.06,769.62,773.63,29.07000000000005,4.009999999999991,24.722685432182416,7.7952438995316315,48.49196943227739,14.3667733165463,950.13,26.429686250227075,49.3036307897337,29.345272191615514
379,T4_Meaningful_Text,1300,b,s7_stimuli_t4.jpg,158,1208907.882,1208931.876,23.993999999947846,972.845,789.3050000000001,780.115,13.474999999999909,9.190000000000055,14.774148800758176,10.076024302666191,19.965658601592008,16.97245442903014,986.3199999999999,17.961781030451885,26.204803619581465,16.310478993579512
380,T4_Meaningful_Text,1300,b,s7_stimuli_t4.jpg,158,1209303.845,1209331.848,28.003000000026077,1008.425,790.2850000000001,795.225,23.964999999999918,4.939999999999941,22.51446212033439,4.969587356840488,39.72402959183127,10.947678522676624,1032.3899999999999,24.271746420622833,39.72539066662877,24.46885418240902
381,T4_Meaningful_Text,1300,b,s7_stimuli_t4.jpg,158,1210227.661,1210251.678,24.01699999999255,1069.5349999999999,797.245,808.665,22.320000000000164,11.419999999999959,24.448663080960156,12.84896351718484,38.478457921236995,27.27337324904051,1091.855,29.13685530660004,47.163848574706925,25.071872686339294
382,T4_Meaningful_Text,1300,b,s7_stimuli_t4.jpg,158,1210767.729,1210791.72,23.99099999992177,1098.655,761.23,757.14,26.00999999999999,4.090000000000032,28.521405673511282,4.4847616128956895,71.59166370757949,12.36752493278197,1124.665,29.500368524105525,71.60257933649824,26.32960690933307
383,T4_Meaningful_Text,1300,b,s7_stimuli_t4.jpg,158,1211487.424,1211523.443,36.018999999854714,1150.13,778.15,782.2750000000001,58.039999999999964,4.125000000000114,62.37007779613824,5.803117312134293,301.5667231183214,12.82801788315404,1208.17,62.94103840017856,301.59213690259344,58.18640068778956
384,T4_Meaningful_Text,1300,b,s7_stimuli_t4.jpg,158,1212619.602,1212635.601,15.999000000068918,1228.12,775.155,769.89,5.254999999999882,5.264999999999986,8.641236542223114,9.561173997776331,14.900236155717902,17.06686370708641,1222.865,14.120135096179027,19.192898169103973,7.438766698855302
385,T4_Meaningful_Text,1300,b,s7_stimuli_t4.jpg,158,1214351.433,1214383.406,31.972999999998137,1228.69,791.575,791.4200000000001,8.605000000000018,0.15499999999997272,7.080259679422184,8.684387205728743,11.718468911411344,17.573305643285938,1237.295,12.45113005942564,18.048345868834893,8.606395877485552
386,T4_Meaningful_Text,1300,b,s7_stimuli_t4.jpg,158,1215771.236,1215783.217,11.980999999912456,1285.85,806.73,812.4649999999999,4.5150000000001,5.7349999999999,9.913622340038115,12.592383880233252,13.89794997792275,21.47266205119914,1290.365,16.14962809148488,25.57788554892391,7.299003356623406
387,T4_Meaningful_Text,1300,b,s7_stimuli_t4.jpg,158,1216615.185,1216823.196,208.0109999999404,1322.27,855.4849999999999,778.425,54.49000000000001,77.05999999999995,719.607163734499,438.0263707664822,9148.85835504238,5723.976167965249,1376.76,845.5485145288541,10791.918845694814,94.37904269486945
388,T4_Meaningful_Text,1300,b,s7_stimuli_t4.jpg,158,1216871.197,1216883.198,12.001000000163913,1353.6399999999999,784.01,805.1949999999999,9.964999999999918,21.184999999999945,139.70984601215451,55.62071084403846,177.891557005279,99.3181285738205,1343.675,155.0005025439411,203.73879531686734,23.41165201347389
389,T4_Meaningful_Text,1300,b,s7_stimuli_t4.jpg,158,1217191.125,1217219.069,27.94399999990128,1338.4650000000001,840.495,747.075,217.79499999999985,93.41999999999996,205.03862561971437,87.94833859989761,523.8066351615581,168.70415624776732,1556.26,228.3457396894872,535.9580952859245,236.98514389091972
